pose_6 = [
	1, 0, 0, 0, 0, 1, 0, 0, 0, 0, 1, 0, 0, 0, 0, 1;
	1, 0, 0, 0, 0, 1, 0, 0, 0, 0, 1, 0, 0, 0, 0, 1;
	1, 0, 0, 0, 0, 1, 0, 0, 0, 0, 1, 0, 0, 0, 0, 1;
	1, 0, 0, 0, 0, 1, 0, 0, 0, 0, 1, 0, 0, 0, 0, 1;
	1, 0, 0, 0, 0, 1, 0, 0, 0, 0, 1, 0, 0, 0, 0, 1;
	1, 0, 0, 0, 0, 1, 0, 0, 0, 0, 1, 0, 0, 0, 0, 1;
	1, 0, 0, 0, 0, 1, 0, 0, 0, 0, 1, 0, 0, 0, 0, 1;
	1, 0, 0, 0, 0, 1, 0, 0, 0, 0, 1, 0, 0, 0, 0, 1;
	0.99815, -0.0548353, -0.02628, -0.917454, 0.0463334, 0.96575, -0.255302, 0.156323, 0.0393796, 0.253612, 0.966504, -0.363169, 0, 0, 0, 1;
	-0.336356, -0.622794, 0.706394, -1.9222, -0.473441, 0.760245, 0.444838, 0.154072, -0.814074, -0.184812, -0.550569, -0.668526, 0, 0, 0, 1;
	-0.336356, -0.622794, 0.706394, -1.9222, -0.473441, 0.760245, 0.444838, 0.154072, -0.814074, -0.184812, -0.550569, -0.668526, 0, 0, 0, 1;
	-0.336356, -0.622794, 0.706394, -1.9222, -0.473441, 0.760245, 0.444838, 0.154072, -0.814074, -0.184812, -0.550569, -0.668526, 0, 0, 0, 1;
	-0.336356, -0.622794, 0.706394, -1.9222, -0.473441, 0.760245, 0.444838, 0.154072, -0.814074, -0.184812, -0.550569, -0.668526, 0, 0, 0, 1;
	0.0565001, -0.354844, 0.933216, -1.60115, -0.446856, 0.826875, 0.341462, -0.00338747, -0.892819, -0.436306, -0.111845, -1.61331, 0, 0, 0, 1;
	0.0565001, -0.354844, 0.933216, -1.60115, -0.446856, 0.826875, 0.341462, -0.00338747, -0.892819, -0.436306, -0.111845, -1.61331, 0, 0, 0, 1;
	0.198807, 0.954645, -0.221643, -1.61865, 0.843671, -0.0516298, 0.534371, 0.511706, 0.498692, -0.293231, -0.815671, -0.70939, 0, 0, 0, 1;
	0.963359, 0.251062, -0.0943656, -1.59185, 0.142786, -0.182236, 0.972831, -0.259192, 0.227044, -0.95066, -0.211406, -1.38771, 0, 0, 0, 1;
	0.963359, 0.251062, -0.0943656, -1.59185, 0.142786, -0.182236, 0.972831, -0.259192, 0.227044, -0.95066, -0.211406, -1.38771, 0, 0, 0, 1;
	0.963359, 0.251062, -0.0943656, -1.59185, 0.142786, -0.182236, 0.972831, -0.259192, 0.227044, -0.95066, -0.211406, -1.38771, 0, 0, 0, 1;
	0.978691, 0.0878625, -0.185583, -1.46983, 0.134746, 0.407153, 0.903364, 0.27937, 0.154932, -0.909122, 0.386639, -2.22844, 0, 0, 0, 1;
	0.978691, 0.0878625, -0.185583, -1.46983, 0.134746, 0.407153, 0.903364, 0.27937, 0.154932, -0.909122, 0.386639, -2.22844, 0, 0, 0, 1;
	0.706847, -0.040167, 0.706223, -2.01163, -0.651399, 0.35225, 0.672009, -0.303465, -0.275761, -0.935041, 0.222823, -2.87258, 0, 0, 0, 1;
	0.706847, -0.040167, 0.706223, -2.01163, -0.651399, 0.35225, 0.672009, -0.303465, -0.275761, -0.935041, 0.222823, -2.87258, 0, 0, 0, 1;
	0.706847, -0.040167, 0.706223, -2.01163, -0.651399, 0.35225, 0.672009, -0.303465, -0.275761, -0.935041, 0.222823, -2.87258, 0, 0, 0, 1;
	0.395595, 0.828858, 0.395595, -2.29237, -0.916712, 0.330073, 0.225138, -0.50501, 0.0560315, -0.451711, 0.890401, -1.91786, 0, 0, 0, 1;
	0.239386, 0.490684, -0.837806, -2.57498, -0.944279, 0.318419, -0.0833173, 0.455959, 0.225891, 0.811069, 0.539569, -1.91221, 0, 0, 0, 1;
	0.239386, 0.490684, -0.837806, -2.57498, -0.944279, 0.318419, -0.0833173, 0.455959, 0.225891, 0.811069, 0.539569, -1.91221, 0, 0, 0, 1;
	0.239386, 0.490684, -0.837806, -2.57498, -0.944279, 0.318419, -0.0833173, 0.455959, 0.225891, 0.811069, 0.539569, -1.91221, 0, 0, 0, 1;
	0.239386, 0.490684, -0.837806, -2.57498, -0.944279, 0.318419, -0.0833173, 0.455959, 0.225891, 0.811069, 0.539569, -1.91221, 0, 0, 0, 1;
	0.239386, 0.490684, -0.837806, -2.57498, -0.944279, 0.318419, -0.0833173, 0.455959, 0.225891, 0.811069, 0.539569, -1.91221, 0, 0, 0, 1;
	0.239386, 0.490684, -0.837806, -2.57498, -0.944279, 0.318419, -0.0833173, 0.455959, 0.225891, 0.811069, 0.539569, -1.91221, 0, 0, 0, 1;
	0.239386, 0.490684, -0.837806, -2.57498, -0.944279, 0.318419, -0.0833173, 0.455959, 0.225891, 0.811069, 0.539569, -1.91221, 0, 0, 0, 1;
	0.239386, 0.490684, -0.837806, -2.57498, -0.944279, 0.318419, -0.0833173, 0.455959, 0.225891, 0.811069, 0.539569, -1.91221, 0, 0, 0, 1;
	0.239386, 0.490684, -0.837806, -2.57498, -0.944279, 0.318419, -0.0833173, 0.455959, 0.225891, 0.811069, 0.539569, -1.91221, 0, 0, 0, 1;
	0.239386, 0.490684, -0.837806, -2.57498, -0.944279, 0.318419, -0.0833173, 0.455959, 0.225891, 0.811069, 0.539569, -1.91221, 0, 0, 0, 1;
	0.123053, -0.497287, -0.858812, -2.77186, -0.809002, -0.551483, 0.203415, -0.403449, -0.574778, 0.669751, -0.470169, -1.43506, 0, 0, 0, 1;
	-0.29667, 0.617373, -0.728582, -2.09256, -0.924581, -0.376642, 0.0573266, -1.04712, -0.239024, 0.690641, 0.682552, -1.05708, 0, 0, 0, 1;
	-0.441814, 0.869221, -0.221922, -1.55473, -0.863187, -0.479275, -0.15874, -0.21433, -0.244343, 0.121426, 0.962054, -1.19981, 0, 0, 0, 1;
	-0.441814, 0.869221, -0.221922, -1.55473, -0.863187, -0.479275, -0.15874, -0.21433, -0.244343, 0.121426, 0.962054, -1.19981, 0, 0, 0, 1;
	-0.441814, 0.869221, -0.221922, -1.55473, -0.863187, -0.479275, -0.15874, -0.21433, -0.244343, 0.121426, 0.962054, -1.19981, 0, 0, 0, 1
	];
