pose_9 = [
	1, 0, 0, 0, 0, 1, 0, 0, 0, 0, 1, 0, 0, 0, 0, 1;
	1, 0, 0, 0, 0, 1, 0, 0, 0, 0, 1, 0, 0, 0, 0, 1;
	1, 0, 0, 0, 0, 1, 0, 0, 0, 0, 1, 0, 0, 0, 0, 1;
	0.998102, 0.0608828, -0.00924404, -0.703986, -0.0610142, 0.998029, -0.0146703, -0.546382, 0.00833247, 0.0152064, 0.99985, -0.457416, 0, 0, 0, 1;
	0.998102, 0.0608828, -0.00924404, -0.703986, -0.0610142, 0.998029, -0.0146703, -0.546382, 0.00833247, 0.0152064, 0.99985, -0.457416, 0, 0, 0, 1;
	0.998102, 0.0608828, -0.00924404, -0.703986, -0.0610142, 0.998029, -0.0146703, -0.546382, 0.00833247, 0.0152064, 0.99985, -0.457416, 0, 0, 0, 1;
	0.998102, 0.0608828, -0.00924404, -0.703986, -0.0610142, 0.998029, -0.0146703, -0.546382, 0.00833247, 0.0152064, 0.99985, -0.457416, 0, 0, 0, 1;
	0.998102, 0.0608828, -0.00924404, -0.703986, -0.0610142, 0.998029, -0.0146703, -0.546382, 0.00833247, 0.0152064, 0.99985, -0.457416, 0, 0, 0, 1;
	0.997853, 0.0654325, -0.00279192, -0.698173, -0.0654913, 0.996701, -0.0479354, 0.438025, -0.000354053, 0.048015, 0.998846, -0.633516, 0, 0, 0, 1;
	0.997853, 0.0654325, -0.00279192, -0.698173, -0.0654913, 0.996701, -0.0479354, 0.438025, -0.000354053, 0.048015, 0.998846, -0.633516, 0, 0, 0, 1;
	0.997853, 0.0654325, -0.00279192, -0.698173, -0.0654913, 0.996701, -0.0479354, 0.438025, -0.000354053, 0.048015, 0.998846, -0.633516, 0, 0, 0, 1;
	0.997853, 0.0654325, -0.00279192, -0.698173, -0.0654913, 0.996701, -0.0479354, 0.438025, -0.000354053, 0.048015, 0.998846, -0.633516, 0, 0, 0, 1;
	0.997853, 0.0654325, -0.00279192, -0.698173, -0.0654913, 0.996701, -0.0479354, 0.438025, -0.000354053, 0.048015, 0.998846, -0.633516, 0, 0, 0, 1;
	0.994856, 0.0932074, 0.0396784, -0.996207, -0.0904575, 0.993697, -0.0662184, 1.06167, -0.0456006, 0.0622881, 0.997016, 0.0874934, 0, 0, 0, 1;
	0.994856, 0.0932074, 0.0396784, -0.996207, -0.0904575, 0.993697, -0.0662184, 1.06167, -0.0456006, 0.0622881, 0.997016, 0.0874934, 0, 0, 0, 1;
	0.994856, 0.0932074, 0.0396784, -0.996207, -0.0904575, 0.993697, -0.0662184, 1.06167, -0.0456006, 0.0622881, 0.997016, 0.0874934, 0, 0, 0, 1;
	0.994856, 0.0932074, 0.0396784, -0.996207, -0.0904575, 0.993697, -0.0662184, 1.06167, -0.0456006, 0.0622881, 0.997016, 0.0874934, 0, 0, 0, 1;
	0.994856, 0.0932074, 0.0396784, -0.996207, -0.0904575, 0.993697, -0.0662184, 1.06167, -0.0456006, 0.0622881, 0.997016, 0.0874934, 0, 0, 0, 1;
	0.99032, 0.125896, 0.0584552, -0.264724, -0.122506, 0.990751, -0.0583583, 0.397081, -0.0652619, 0.0506318, 0.996583, 0.239512, 0, 0, 0, 1;
	0.99032, 0.125896, 0.0584552, -0.264724, -0.122506, 0.990751, -0.0583583, 0.397081, -0.0652619, 0.0506318, 0.996583, 0.239512, 0, 0, 0, 1;
	0.99032, 0.125896, 0.0584552, -0.264724, -0.122506, 0.990751, -0.0583583, 0.397081, -0.0652619, 0.0506318, 0.996583, 0.239512, 0, 0, 0, 1;
	0.99032, 0.125896, 0.0584552, -0.264724, -0.122506, 0.990751, -0.0583583, 0.397081, -0.0652619, 0.0506318, 0.996583, 0.239512, 0, 0, 0, 1;
	0.99032, 0.125896, 0.0584552, -0.264724, -0.122506, 0.990751, -0.0583583, 0.397081, -0.0652619, 0.0506318, 0.996583, 0.239512, 0, 0, 0, 1;
	0.984174, 0.160155, 0.0758353, -0.350707, -0.154352, 0.985006, -0.0770677, 1.32422, -0.0870412, 0.0641424, 0.994138, 0.60185, 0, 0, 0, 1;
	0.984174, 0.160155, 0.0758353, -0.350707, -0.154352, 0.985006, -0.0770677, 1.32422, -0.0870412, 0.0641424, 0.994138, 0.60185, 0, 0, 0, 1;
	0.984174, 0.160155, 0.0758353, -0.350707, -0.154352, 0.985006, -0.0770677, 1.32422, -0.0870412, 0.0641424, 0.994138, 0.60185, 0, 0, 0, 1;
	0.984174, 0.160155, 0.0758353, -0.350707, -0.154352, 0.985006, -0.0770677, 1.32422, -0.0870412, 0.0641424, 0.994138, 0.60185, 0, 0, 0, 1;
	0.984174, 0.160155, 0.0758353, -0.350707, -0.154352, 0.985006, -0.0770677, 1.32422, -0.0870412, 0.0641424, 0.994138, 0.60185, 0, 0, 0, 1;
	0.978497, 0.195576, 0.0655148, 0.394376, -0.189858, 0.978174, -0.0844356, 1.93009, -0.0805989, 0.0701811, 0.994272, 0.876942, 0, 0, 0, 1;
	0.978497, 0.195576, 0.0655148, 0.394376, -0.189858, 0.978174, -0.0844356, 1.93009, -0.0805989, 0.0701811, 0.994272, 0.876942, 0, 0, 0, 1;
	0.978497, 0.195576, 0.0655148, 0.394376, -0.189858, 0.978174, -0.0844356, 1.93009, -0.0805989, 0.0701811, 0.994272, 0.876942, 0, 0, 0, 1;
	0.978497, 0.195576, 0.0655148, 0.394376, -0.189858, 0.978174, -0.0844356, 1.93009, -0.0805989, 0.0701811, 0.994272, 0.876942, 0, 0, 0, 1;
	0.978497, 0.195576, 0.0655148, 0.394376, -0.189858, 0.978174, -0.0844356, 1.93009, -0.0805989, 0.0701811, 0.994272, 0.876942, 0, 0, 0, 1;
	0.953753, 0.291533, 0.0732326, -0.519156, -0.283606, 0.953483, -0.102164, 1.54125, -0.0996106, 0.07667, 0.992068, 0.734564, 0, 0, 0, 1;
	0.953753, 0.291533, 0.0732326, -0.519156, -0.283606, 0.953483, -0.102164, 1.54125, -0.0996106, 0.07667, 0.992068, 0.734564, 0, 0, 0, 1;
	0.953753, 0.291533, 0.0732326, -0.519156, -0.283606, 0.953483, -0.102164, 1.54125, -0.0996106, 0.07667, 0.992068, 0.734564, 0, 0, 0, 1;
	0.953753, 0.291533, 0.0732326, -0.519156, -0.283606, 0.953483, -0.102164, 1.54125, -0.0996106, 0.07667, 0.992068, 0.734564, 0, 0, 0, 1;
	0.953753, 0.291533, 0.0732326, -0.519156, -0.283606, 0.953483, -0.102164, 1.54125, -0.0996106, 0.07667, 0.992068, 0.734564, 0, 0, 0, 1;
	0.914051, 0.399775, 0.0684746, -1.47713, -0.390653, 0.913142, -0.116455, 1.27271, -0.109083, 0.0796957, 0.990833, 0.604046, 0, 0, 0, 1;
	0.914051, 0.399775, 0.0684746, -1.47713, -0.390653, 0.913142, -0.116455, 1.27271, -0.109083, 0.0796957, 0.990833, 0.604046, 0, 0, 0, 1;
	0.914051, 0.399775, 0.0684746, -1.47713, -0.390653, 0.913142, -0.116455, 1.27271, -0.109083, 0.0796957, 0.990833, 0.604046, 0, 0, 0, 1;
	0.914051, 0.399775, 0.0684746, -1.47713, -0.390653, 0.913142, -0.116455, 1.27271, -0.109083, 0.0796957, 0.990833, 0.604046, 0, 0, 0, 1;
	0.914051, 0.399775, 0.0684746, -1.47713, -0.390653, 0.913142, -0.116455, 1.27271, -0.109083, 0.0796957, 0.990833, 0.604046, 0, 0, 0, 1;
	0.832412, 0.546403, 0.0923697, -1.54147, -0.531634, 0.834447, -0.145128, 0.27568, -0.156377, 0.071699, 0.985091, 0.683678, 0, 0, 0, 1;
	0.832412, 0.546403, 0.0923697, -1.54147, -0.531634, 0.834447, -0.145128, 0.27568, -0.156377, 0.071699, 0.985091, 0.683678, 0, 0, 0, 1
	];
