pose_13 = [
	0.999822,	-0.0188312,	-0.000570199,	-0.994718,	0.0188302,	0.999821,	-0.00170019,	-0.177655,	0.000602105,	0.0016892,	0.999998,	0.0956965,	0,	0,	0,	1