pose_12 = [
	1, 0, 0, 0, 0, 1, 0, 0, 0, 0, 1, 0, 0, 0, 0, 1;
	1, 0, 0, 0, 0, 1, 0, 0, 0, 0, 1, 0, 0, 0, 0, 1;
	1, 0, 0, 0, 0, 1, 0, 0, 0, 0, 1, 0, 0, 0, 0, 1;
	1, 0, 0, 0, 0, 1, 0, 0, 0, 0, 1, 0, 0, 0, 0, 1;
	0.997805, 0.064851, -0.0134422, -0.29162, -0.0649286, 0.997875, -0.00541985, -0.424327, 0.0130622, 0.00628079, 0.999895, -0.857885, 0, 0, 0, 1;
	0.997805, 0.064851, -0.0134422, -0.29162, -0.0649286, 0.997875, -0.00541985, -0.424327, 0.0130622, 0.00628079, 0.999895, -0.857885, 0, 0, 0, 1;
	0.997805, 0.064851, -0.0134422, -0.29162, -0.0649286, 0.997875, -0.00541985, -0.424327, 0.0130622, 0.00628079, 0.999895, -0.857885, 0, 0, 0, 1;
	0.997805, 0.064851, -0.0134422, -0.29162, -0.0649286, 0.997875, -0.00541985, -0.424327, 0.0130622, 0.00628079, 0.999895, -0.857885, 0, 0, 0, 1;
	0.997805, 0.064851, -0.0134422, -0.29162, -0.0649286, 0.997875, -0.00541985, -0.424327, 0.0130622, 0.00628079, 0.999895, -0.857885, 0, 0, 0, 1;
	0.994121, 0.107131, -0.0157011, -0.646071, -0.107668, 0.993432, -0.0387359, -1.21722, 0.0114482, 0.0401987, 0.999126, -0.363207, 0, 0, 0, 1;
	0.994121, 0.107131, -0.0157011, -0.646071, -0.107668, 0.993432, -0.0387359, -1.21722, 0.0114482, 0.0401987, 0.999126, -0.363207, 0, 0, 0, 1;
	0.994121, 0.107131, -0.0157011, -0.646071, -0.107668, 0.993432, -0.0387359, -1.21722, 0.0114482, 0.0401987, 0.999126, -0.363207, 0, 0, 0, 1;
	0.994121, 0.107131, -0.0157011, -0.646071, -0.107668, 0.993432, -0.0387359, -1.21722, 0.0114482, 0.0401987, 0.999126, -0.363207, 0, 0, 0, 1;
	0.994121, 0.107131, -0.0157011, -0.646071, -0.107668, 0.993432, -0.0387359, -1.21722, 0.0114482, 0.0401987, 0.999126, -0.363207, 0, 0, 0, 1;
	0.989576, 0.142688, 0.0195309, -0.806664, -0.141368, 0.988287, -0.0574815, -2.19544, -0.027504, 0.0541211, 0.998156, -0.492404, 0, 0, 0, 1;
	0.989576, 0.142688, 0.0195309, -0.806664, -0.141368, 0.988287, -0.0574815, -2.19544, -0.027504, 0.0541211, 0.998156, -0.492404, 0, 0, 0, 1;
	0.989576, 0.142688, 0.0195309, -0.806664, -0.141368, 0.988287, -0.0574815, -2.19544, -0.027504, 0.0541211, 0.998156, -0.492404, 0, 0, 0, 1;
	0.989576, 0.142688, 0.0195309, -0.806664, -0.141368, 0.988287, -0.0574815, -2.19544, -0.027504, 0.0541211, 0.998156, -0.492404, 0, 0, 0, 1;
	0.989576, 0.142688, 0.0195309, -0.806664, -0.141368, 0.988287, -0.0574815, -2.19544, -0.027504, 0.0541211, 0.998156, -0.492404, 0, 0, 0, 1;
	0.984402, 0.172756, 0.0333012, -0.283073, -0.170768, 0.983753, -0.0553965, -1.77691, -0.0423299, 0.0488456, 0.997909, -1.23383, 0, 0, 0, 1;
	0.984402, 0.172756, 0.0333012, -0.283073, -0.170768, 0.983753, -0.0553965, -1.77691, -0.0423299, 0.0488456, 0.997909, -1.23383, 0, 0, 0, 1;
	0.984402, 0.172756, 0.0333012, -0.283073, -0.170768, 0.983753, -0.0553965, -1.77691, -0.0423299, 0.0488456, 0.997909, -1.23383, 0, 0, 0, 1;
	0.984402, 0.172756, 0.0333012, -0.283073, -0.170768, 0.983753, -0.0553965, -1.77691, -0.0423299, 0.0488456, 0.997909, -1.23383, 0, 0, 0, 1;
	0.984402, 0.172756, 0.0333012, -0.283073, -0.170768, 0.983753, -0.0553965, -1.77691, -0.0423299, 0.0488456, 0.997909, -1.23383, 0, 0, 0, 1;
	0.976618, 0.209742, 0.0471834, 0.303871, -0.205991, 0.975764, -0.0738376, -1.15186, -0.0615265, 0.0623917, 0.996153, -1.74818, 0, 0, 0, 1;
	0.976618, 0.209742, 0.0471834, 0.303871, -0.205991, 0.975764, -0.0738376, -1.15186, -0.0615265, 0.0623917, 0.996153, -1.74818, 0, 0, 0, 1;
	0.976618, 0.209742, 0.0471834, 0.303871, -0.205991, 0.975764, -0.0738376, -1.15186, -0.0615265, 0.0623917, 0.996153, -1.74818, 0, 0, 0, 1;
	0.976618, 0.209742, 0.0471834, 0.303871, -0.205991, 0.975764, -0.0738376, -1.15186, -0.0615265, 0.0623917, 0.996153, -1.74818, 0, 0, 0, 1;
	0.976618, 0.209742, 0.0471834, 0.303871, -0.205991, 0.975764, -0.0738376, -1.15186, -0.0615265, 0.0623917, 0.996153, -1.74818, 0, 0, 0, 1;
	0.958125, 0.28208, 0.0492746, -0.397771, -0.276893, 0.956518, -0.0916671, -1.73079, -0.0729893, 0.0741848, 0.99457, -1.33148, 0, 0, 0, 1;
	0.958125, 0.28208, 0.0492746, -0.397771, -0.276893, 0.956518, -0.0916671, -1.73079, -0.0729893, 0.0741848, 0.99457, -1.33148, 0, 0, 0, 1;
	0.958125, 0.28208, 0.0492746, -0.397771, -0.276893, 0.956518, -0.0916671, -1.73079, -0.0729893, 0.0741848, 0.99457, -1.33148, 0, 0, 0, 1;
	0.958125, 0.28208, 0.0492746, -0.397771, -0.276893, 0.956518, -0.0916671, -1.73079, -0.0729893, 0.0741848, 0.99457, -1.33148, 0, 0, 0, 1;
	0.958125, 0.28208, 0.0492746, -0.397771, -0.276893, 0.956518, -0.0916671, -1.73079, -0.0729893, 0.0741848, 0.99457, -1.33148, 0, 0, 0, 1;
	0.927557, 0.370504, 0.0486389, -1.06349, -0.364729, 0.925952, -0.0979021, -1.19044, -0.0813103, 0.0730699, 0.994007, -1.85086, 0, 0, 0, 1;
	0.927557, 0.370504, 0.0486389, -1.06349, -0.364729, 0.925952, -0.0979021, -1.19044, -0.0813103, 0.0730699, 0.994007, -1.85086, 0, 0, 0, 1;
	0.927557, 0.370504, 0.0486389, -1.06349, -0.364729, 0.925952, -0.0979021, -1.19044, -0.0813103, 0.0730699, 0.994007, -1.85086, 0, 0, 0, 1;
	0.927557, 0.370504, 0.0486389, -1.06349, -0.364729, 0.925952, -0.0979021, -1.19044, -0.0813103, 0.0730699, 0.994007, -1.85086, 0, 0, 0, 1;
	0.927557, 0.370504, 0.0486389, -1.06349, -0.364729, 0.925952, -0.0979021, -1.19044, -0.0813103, 0.0730699, 0.994007, -1.85086, 0, 0, 0, 1;
	0.881759, 0.470873, 0.0279319, -1.62199, -0.466638, 0.879418, -0.094195, -0.574148, -0.0689178, 0.0700235, 0.995161, -2.41131, 0, 0, 0, 1;
	0.881759, 0.470873, 0.0279319, -1.62199, -0.466638, 0.879418, -0.094195, -0.574148, -0.0689178, 0.0700235, 0.995161, -2.41131, 0, 0, 0, 1;
	0.881759, 0.470873, 0.0279319, -1.62199, -0.466638, 0.879418, -0.094195, -0.574148, -0.0689178, 0.0700235, 0.995161, -2.41131, 0, 0, 0, 1;
	0.881759, 0.470873, 0.0279319, -1.62199, -0.466638, 0.879418, -0.094195, -0.574148, -0.0689178, 0.0700235, 0.995161, -2.41131, 0, 0, 0, 1;
	0.881759, 0.470873, 0.0279319, -1.62199, -0.466638, 0.879418, -0.094195, -0.574148, -0.0689178, 0.0700235, 0.995161, -2.41131, 0, 0, 0, 1;
	0.932032, 0.340946, 0.122769, -1.00883, -0.308086, 0.923905, -0.226897, -1.3691, -0.190787, 0.173652, 0.966149, -2.44464, 0, 0, 0, 1
	];
