pose_4 = [
	0.999857,	-0.0159392,	-0.00560932,	0.910185,	0.0159307,	0.999872,	-0.00152575,	0.46495,	0.00563292,	0.00143617,	0.999983,	-0.0683675,	0,	0,	0,	1;
	0.999456,	-0.0324929,	-0.00554715,	0.00168568,	0.0324807,	0.99947,	-0.00229879,	0.783732,	0.00561888,	0.00211733,	0.999982,	-0.103035,	0,	0,	0,	1;
	0.998912,	-0.0446009,	-0.0135695,	0.915395,	0.0445423,	0.998997,	-0.00459479,	1.24512,	0.0137608,	0.00398534,	0.999897,	-0.163347,	0,	0,	0,	1;
	0.998252,	-0.0550053,	-0.0215728,	1.84366,	0.0548665,	0.998469,	-0.00697447,	1.68025,	0.0219234,	0.00577861,	0.999742,	-0.214383,	0,	0,	0,	1;
	0.997265,	-0.0698743,	-0.0240672,	2.73725,	0.0696841,	0.997531,	-0.00865401,	2.18129,	0.0246124,	0.0069532,	0.999672,	-0.241949,	0,	0,	0,	1;
	0.995699,	-0.0892156,	-0.0249702,	3.65972,	0.0889831,	0.99598,	-0.0102713,	2.62301,	0.0257862,	0.00800512,	0.999635,	-0.331193,	0,	0,	0,	1;
	0.995029,	-0.0962539,	-0.0255008,	4.5838,	0.0959955,	0.995318,	-0.0111817,	3.06429,	0.0264577,	0.00867806,	0.999611,	-0.41275,	0,	0,	0,	1;
	0.993501,	-0.111547,	-0.0225833,	5.47982,	0.111315,	0.99372,	-0.0113003,	3.56395,	0.0237019,	0.00871298,	0.999679,	-0.42807,	0,	0,	0,	1