pose_0 = [
	1, 0, 0, 0, 0, 1, 0, 0, 0, 0, 1, 0, 0, 0, 0, 1;
	1, 0, 0, 0, 0, 1, 0, 0, 0, 0, 1, 0, 0, 0, 0, 1;
	1, 0, 0, 0, 0, 1, 0, 0, 0, 0, 1, 0, 0, 0, 0, 1;
	0.866389, 0.195394, 0.459556, -0.220095, -0.465817, 0.647864, 0.602734, 0.216449, -0.179959, -0.736271, 0.652319, 0.958569, 0, 0, 0, 1;
	0.866389, 0.195394, 0.459556, -0.220095, -0.465817, 0.647864, 0.602734, 0.216449, -0.179959, -0.736271, 0.652319, 0.958569, 0, 0, 0, 1;
	0.866389, 0.195394, 0.459556, -0.220095, -0.465817, 0.647864, 0.602734, 0.216449, -0.179959, -0.736271, 0.652319, 0.958569, 0, 0, 0, 1;
	0.866389, 0.195394, 0.459556, -0.220095, -0.465817, 0.647864, 0.602734, 0.216449, -0.179959, -0.736271, 0.652319, 0.958569, 0, 0, 0, 1;
	0.866389, 0.195394, 0.459556, -0.220095, -0.465817, 0.647864, 0.602734, 0.216449, -0.179959, -0.736271, 0.652319, 0.958569, 0, 0, 0, 1;
	0.866389, 0.195394, 0.459556, -0.220095, -0.465817, 0.647864, 0.602734, 0.216449, -0.179959, -0.736271, 0.652319, 0.958569, 0, 0, 0, 1;
	0.866389, 0.195394, 0.459556, -0.220095, -0.465817, 0.647864, 0.602734, 0.216449, -0.179959, -0.736271, 0.652319, 0.958569, 0, 0, 0, 1;
	0.740787, 0.188601, 0.644721, 0.715284, -0.566015, 0.692116, 0.447888, 0.253065, -0.361749, -0.696711, 0.619461, 0.602055, 0, 0, 0, 1;
	0.196194, 0.402044, 0.894354, 0.511167, -0.860646, 0.507675, -0.0394187, 1.19194, -0.469889, -0.761989, 0.44562, 0.899886, 0, 0, 0, 1;
	0.124179, 0.32011, 0.939207, 0.385486, -0.832621, 0.548485, -0.0768529, 0.616035, -0.539742, -0.77246, 0.334641, 0.0940232, 0, 0, 0, 1;
	0.0532254, 0.198756, 0.978603, 0.125644, -0.873585, 0.484014, -0.0507903, -0.20283, -0.483752, -0.85219, 0.199392, -0.416466, 0, 0, 0, 1;
	0.0532254, 0.198756, 0.978603, 0.125644, -0.873585, 0.484014, -0.0507903, -0.20283, -0.483752, -0.85219, 0.199392, -0.416466, 0, 0, 0, 1;
	0.0532254, 0.198756, 0.978603, 0.125644, -0.873585, 0.484014, -0.0507903, -0.20283, -0.483752, -0.85219, 0.199392, -0.416466, 0, 0, 0, 1;
	0.0532254, 0.198756, 0.978603, 0.125644, -0.873585, 0.484014, -0.0507903, -0.20283, -0.483752, -0.85219, 0.199392, -0.416466, 0, 0, 0, 1;
	0.0532254, 0.198756, 0.978603, 0.125644, -0.873585, 0.484014, -0.0507903, -0.20283, -0.483752, -0.85219, 0.199392, -0.416466, 0, 0, 0, 1;
	0.0532254, 0.198756, 0.978603, 0.125644, -0.873585, 0.484014, -0.0507903, -0.20283, -0.483752, -0.85219, 0.199392, -0.416466, 0, 0, 0, 1;
	0.0532254, 0.198756, 0.978603, 0.125644, -0.873585, 0.484014, -0.0507903, -0.20283, -0.483752, -0.85219, 0.199392, -0.416466, 0, 0, 0, 1;
	0.0532254, 0.198756, 0.978603, 0.125644, -0.873585, 0.484014, -0.0507903, -0.20283, -0.483752, -0.85219, 0.199392, -0.416466, 0, 0, 0, 1;
	0.0532254, 0.198756, 0.978603, 0.125644, -0.873585, 0.484014, -0.0507903, -0.20283, -0.483752, -0.85219, 0.199392, -0.416466, 0, 0, 0, 1;
	0.0532254, 0.198756, 0.978603, 0.125644, -0.873585, 0.484014, -0.0507903, -0.20283, -0.483752, -0.85219, 0.199392, -0.416466, 0, 0, 0, 1;
	0.0532254, 0.198756, 0.978603, 0.125644, -0.873585, 0.484014, -0.0507903, -0.20283, -0.483752, -0.85219, 0.199392, -0.416466, 0, 0, 0, 1;
	-0.0424252, 0.619714, 0.783681, 0.112616, -0.950992, -0.265515, 0.15848, -0.973876, 0.306292, -0.738551, 0.600607, -1.07528, 0, 0, 0, 1;
	-0.0424252, 0.619714, 0.783681, 0.112616, -0.950992, -0.265515, 0.15848, -0.973876, 0.306292, -0.738551, 0.600607, -1.07528, 0, 0, 0, 1;
	-0.0424252, 0.619714, 0.783681, 0.112616, -0.950992, -0.265515, 0.15848, -0.973876, 0.306292, -0.738551, 0.600607, -1.07528, 0, 0, 0, 1;
	-0.0424252, 0.619714, 0.783681, 0.112616, -0.950992, -0.265515, 0.15848, -0.973876, 0.306292, -0.738551, 0.600607, -1.07528, 0, 0, 0, 1;
	-0.0424252, 0.619714, 0.783681, 0.112616, -0.950992, -0.265515, 0.15848, -0.973876, 0.306292, -0.738551, 0.600607, -1.07528, 0, 0, 0, 1;
	-0.0424252, 0.619714, 0.783681, 0.112616, -0.950992, -0.265515, 0.15848, -0.973876, 0.306292, -0.738551, 0.600607, -1.07528, 0, 0, 0, 1;
	-0.0424252, 0.619714, 0.783681, 0.112616, -0.950992, -0.265515, 0.15848, -0.973876, 0.306292, -0.738551, 0.600607, -1.07528, 0, 0, 0, 1;
	-0.0424252, 0.619714, 0.783681, 0.112616, -0.950992, -0.265515, 0.15848, -0.973876, 0.306292, -0.738551, 0.600607, -1.07528, 0, 0, 0, 1;
	-0.0424252, 0.619714, 0.783681, 0.112616, -0.950992, -0.265515, 0.15848, -0.973876, 0.306292, -0.738551, 0.600607, -1.07528, 0, 0, 0, 1;
	0.617064, 0.646787, 0.448219, 0.033829, -0.773149, 0.392246, 0.498381, -1.88096, 0.146534, -0.654073, 0.742103, -1.49838, 0, 0, 0, 1;
	0.617064, 0.646787, 0.448219, 0.033829, -0.773149, 0.392246, 0.498381, -1.88096, 0.146534, -0.654073, 0.742103, -1.49838, 0, 0, 0, 1;
	0.292689, 0.955717, 0.030635, 0.128831, 0.702216, -0.193088, -0.68528, -2.90189, -0.649019, 0.222086, -0.727635, -1.26653, 0, 0, 0, 1;
	0.292689, 0.955717, 0.030635, 0.128831, 0.702216, -0.193088, -0.68528, -2.90189, -0.649019, 0.222086, -0.727635, -1.26653, 0, 0, 0, 1;
	0.308981, 0.951068, 0.0012199, 0.261339, 0.789333, -0.25572, -0.558175, -1.94197, -0.530551, 0.173428, -0.829722, -1.50588, 0, 0, 0, 1;
	0.308981, 0.951068, 0.0012199, 0.261339, 0.789333, -0.25572, -0.558175, -1.94197, -0.530551, 0.173428, -0.829722, -1.50588, 0, 0, 0, 1;
	0.194454, 0.973884, 0.117211, 1.11909, 0.957361, -0.162398, -0.238929, -1.53403, -0.213655, 0.158673, -0.963937, -1.83141, 0, 0, 0, 1
	];
