pose_3 = [
	1, 0, 0, 0, 0, 1, 0, 0, 0, 0, 1, 0, 0, 0, 0, 1;
	0.997776, 0.066527, 0.00424151, 0.304205, -0.0664722, 0.997717, -0.0119757, -0.905182, -0.00502854, 0.0116671, 0.999919, -0.296816, 0, 0, 0, 1;
	0.997776, 0.066527, 0.00424151, 0.304205, -0.0664722, 0.997717, -0.0119757, -0.905182, -0.00502854, 0.0116671, 0.999919, -0.296816, 0, 0, 0, 1;
	0.997776, 0.066527, 0.00424151, 0.304205, -0.0664722, 0.997717, -0.0119757, -0.905182, -0.00502854, 0.0116671, 0.999919, -0.296816, 0, 0, 0, 1;
	0.997776, 0.066527, 0.00424151, 0.304205, -0.0664722, 0.997717, -0.0119757, -0.905182, -0.00502854, 0.0116671, 0.999919, -0.296816, 0, 0, 0, 1;
	0.997776, 0.066527, 0.00424151, 0.304205, -0.0664722, 0.997717, -0.0119757, -0.905182, -0.00502854, 0.0116671, 0.999919, -0.296816, 0, 0, 0, 1;
	0.993012, 0.117906, -0.00513932, 0.890462, -0.118017, 0.992239, -0.0391762, -1.67144, 0.000480449, 0.039509, 0.999219, -0.0304464, 0, 0, 0, 1;
	0.993012, 0.117906, -0.00513932, 0.890462, -0.118017, 0.992239, -0.0391762, -1.67144, 0.000480449, 0.039509, 0.999219, -0.0304464, 0, 0, 0, 1;
	0.993012, 0.117906, -0.00513932, 0.890462, -0.118017, 0.992239, -0.0391762, -1.67144, 0.000480449, 0.039509, 0.999219, -0.0304464, 0, 0, 0, 1;
	0.993012, 0.117906, -0.00513932, 0.890462, -0.118017, 0.992239, -0.0391762, -1.67144, 0.000480449, 0.039509, 0.999219, -0.0304464, 0, 0, 0, 1;
	0.993012, 0.117906, -0.00513932, 0.890462, -0.118017, 0.992239, -0.0391762, -1.67144, 0.000480449, 0.039509, 0.999219, -0.0304464, 0, 0, 0, 1;
	0.988096, 0.148335, 0.0407838, 1.08295, -0.145888, 0.987625, -0.0575733, -2.61793, -0.0488191, 0.050938, 0.997508, 0.229609, 0, 0, 0, 1;
	0.988096, 0.148335, 0.0407838, 1.08295, -0.145888, 0.987625, -0.0575733, -2.61793, -0.0488191, 0.050938, 0.997508, 0.229609, 0, 0, 0, 1;
	0.988096, 0.148335, 0.0407838, 1.08295, -0.145888, 0.987625, -0.0575733, -2.61793, -0.0488191, 0.050938, 0.997508, 0.229609, 0, 0, 0, 1;
	0.988096, 0.148335, 0.0407838, 1.08295, -0.145888, 0.987625, -0.0575733, -2.61793, -0.0488191, 0.050938, 0.997508, 0.229609, 0, 0, 0, 1;
	0.988096, 0.148335, 0.0407838, 1.08295, -0.145888, 0.987625, -0.0575733, -2.61793, -0.0488191, 0.050938, 0.997508, 0.229609, 0, 0, 0, 1;
	0.98215, 0.179719, 0.0555036, 1.38712, -0.176993, 0.982906, -0.0506898, -3.52338, -0.0636645, 0.0399612, 0.997171, -0.067232, 0, 0, 0, 1;
	0.98215, 0.179719, 0.0555036, 1.38712, -0.176993, 0.982906, -0.0506898, -3.52338, -0.0636645, 0.0399612, 0.997171, -0.067232, 0, 0, 0, 1;
	0.98215, 0.179719, 0.0555036, 1.38712, -0.176993, 0.982906, -0.0506898, -3.52338, -0.0636645, 0.0399612, 0.997171, -0.067232, 0, 0, 0, 1;
	0.98215, 0.179719, 0.0555036, 1.38712, -0.176993, 0.982906, -0.0506898, -3.52338, -0.0636645, 0.0399612, 0.997171, -0.067232, 0, 0, 0, 1;
	0.98215, 0.179719, 0.0555036, 1.38712, -0.176993, 0.982906, -0.0506898, -3.52338, -0.0636645, 0.0399612, 0.997171, -0.067232, 0, 0, 0, 1;
	0.973318, 0.220644, 0.0629813, 1.88275, -0.217184, 0.974441, -0.0574126, -4.39225, -0.0740391, 0.0422022, 0.996361, -0.0900233, 0, 0, 0, 1;
	0.973318, 0.220644, 0.0629813, 1.88275, -0.217184, 0.974441, -0.0574126, -4.39225, -0.0740391, 0.0422022, 0.996361, -0.0900233, 0, 0, 0, 1;
	0.973318, 0.220644, 0.0629813, 1.88275, -0.217184, 0.974441, -0.0574126, -4.39225, -0.0740391, 0.0422022, 0.996361, -0.0900233, 0, 0, 0, 1;
	0.973318, 0.220644, 0.0629813, 1.88275, -0.217184, 0.974441, -0.0574126, -4.39225, -0.0740391, 0.0422022, 0.996361, -0.0900233, 0, 0, 0, 1;
	0.973318, 0.220644, 0.0629813, 1.88275, -0.217184, 0.974441, -0.0574126, -4.39225, -0.0740391, 0.0422022, 0.996361, -0.0900233, 0, 0, 0, 1;
	0.95602, 0.284801, 0.0700883, 2.6508, -0.280035, 0.957391, -0.0705875, -3.75264, -0.087205, 0.047856, 0.99504, -0.155471, 0, 0, 0, 1;
	0.95602, 0.284801, 0.0700883, 2.6508, -0.280035, 0.957391, -0.0705875, -3.75264, -0.087205, 0.047856, 0.99504, -0.155471, 0, 0, 0, 1;
	0.95602, 0.284801, 0.0700883, 2.6508, -0.280035, 0.957391, -0.0705875, -3.75264, -0.087205, 0.047856, 0.99504, -0.155471, 0, 0, 0, 1;
	0.95602, 0.284801, 0.0700883, 2.6508, -0.280035, 0.957391, -0.0705875, -3.75264, -0.087205, 0.047856, 0.99504, -0.155471, 0, 0, 0, 1;
	0.95602, 0.284801, 0.0700883, 2.6508, -0.280035, 0.957391, -0.0705875, -3.75264, -0.087205, 0.047856, 0.99504, -0.155471, 0, 0, 0, 1;
	0.925649, 0.370694, 0.0758901, 2.55854, -0.363884, 0.92708, -0.0900591, -4.64215, -0.103741, 0.0557479, 0.99304, -0.602241, 0, 0, 0, 1;
	0.925649, 0.370694, 0.0758901, 2.55854, -0.363884, 0.92708, -0.0900591, -4.64215, -0.103741, 0.0557479, 0.99304, -0.602241, 0, 0, 0, 1;
	0.925649, 0.370694, 0.0758901, 2.55854, -0.363884, 0.92708, -0.0900591, -4.64215, -0.103741, 0.0557479, 0.99304, -0.602241, 0, 0, 0, 1;
	0.925649, 0.370694, 0.0758901, 2.55854, -0.363884, 0.92708, -0.0900591, -4.64215, -0.103741, 0.0557479, 0.99304, -0.602241, 0, 0, 0, 1;
	0.925649, 0.370694, 0.0758901, 2.55854, -0.363884, 0.92708, -0.0900591, -4.64215, -0.103741, 0.0557479, 0.99304, -0.602241, 0, 0, 0, 1;
	0.879089, 0.471633, 0.0690168, 2.47738, -0.465607, 0.880658, -0.0874704, -5.59156, -0.102034, 0.0447596, 0.993773, -0.906495, 0, 0, 0, 1;
	0.879089, 0.471633, 0.0690168, 2.47738, -0.465607, 0.880658, -0.0874704, -5.59156, -0.102034, 0.0447596, 0.993773, -0.906495, 0, 0, 0, 1;
	0.879089, 0.471633, 0.0690168, 2.47738, -0.465607, 0.880658, -0.0874704, -5.59156, -0.102034, 0.0447596, 0.993773, -0.906495, 0, 0, 0, 1;
	0.879089, 0.471633, 0.0690168, 2.47738, -0.465607, 0.880658, -0.0874704, -5.59156, -0.102034, 0.0447596, 0.993773, -0.906495, 0, 0, 0, 1;
	0.879089, 0.471633, 0.0690168, 2.47738, -0.465607, 0.880658, -0.0874704, -5.59156, -0.102034, 0.0447596, 0.993773, -0.906495, 0, 0, 0, 1;
	0.782721, 0.619817, 0.0563289, 3.3282, -0.613007, 0.783421, -0.102334, -6.05766, -0.107557, 0.0455687, 0.993153, -1.17006, 0, 0, 0, 1;
	0.782721, 0.619817, 0.0563289, 3.3282, -0.613007, 0.783421, -0.102334, -6.05766, -0.107557, 0.0455687, 0.993153, -1.17006, 0, 0, 0, 1;
	0.782721, 0.619817, 0.0563289, 3.3282, -0.613007, 0.783421, -0.102334, -6.05766, -0.107557, 0.0455687, 0.993153, -1.17006, 0, 0, 0, 1;
	0.782721, 0.619817, 0.0563289, 3.3282, -0.613007, 0.783421, -0.102334, -6.05766, -0.107557, 0.0455687, 0.993153, -1.17006, 0, 0, 0, 1
	];
