pose_9 = [
	1, 0, 0, 0, 0, 1, 0, 0, 0, 0, 1, 0, 0, 0, 0, 1;
	1, 0, 0, 0, 0, 1, 0, 0, 0, 0, 1, 0, 0, 0, 0, 1;
	1, 0, 0, 0, 0, 1, 0, 0, 0, 0, 1, 0, 0, 0, 0, 1;
	1, 0, 0, 0, 0, 1, 0, 0, 0, 0, 1, 0, 0, 0, 0, 1;
	1, 0, 0, 0, 0, 1, 0, 0, 0, 0, 1, 0, 0, 0, 0, 1;
	0.660046, 0.190309, -0.726719, -0.385338, -0.310304, 0.950063, -0.0330376, 0.913299, 0.684142, 0.247311, 0.686139, 0.131385, 0, 0, 0, 1;
	0.990819, 0.0171594, 0.134099, -0.308163, -0.0437651, -0.897785, 0.438252, 1.95215, 0.127912, -0.440098, -0.888792, 0.147066, 0, 0, 0, 1;
	0.990819, 0.0171594, 0.134099, -0.308163, -0.0437651, -0.897785, 0.438252, 1.95215, 0.127912, -0.440098, -0.888792, 0.147066, 0, 0, 0, 1;
	0.990819, 0.0171594, 0.134099, -0.308163, -0.0437651, -0.897785, 0.438252, 1.95215, 0.127912, -0.440098, -0.888792, 0.147066, 0, 0, 0, 1;
	0.990819, 0.0171594, 0.134099, -0.308163, -0.0437651, -0.897785, 0.438252, 1.95215, 0.127912, -0.440098, -0.888792, 0.147066, 0, 0, 0, 1;
	0.918123, -0.302534, 0.255975, -1.25988, -0.319501, -0.947215, 0.0264735, 1.68174, 0.234454, -0.10609, -0.96632, 0.0153415, 0, 0, 0, 1;
	0.832477, -0.537034, 0.136295, -0.516661, -0.491537, -0.829361, -0.265615, 1.34759, 0.255682, 0.154124, -0.954396, -0.5751, 0, 0, 0, 1;
	0.832477, -0.537034, 0.136295, -0.516661, -0.491537, -0.829361, -0.265615, 1.34759, 0.255682, 0.154124, -0.954396, -0.5751, 0, 0, 0, 1;
	0.832477, -0.537034, 0.136295, -0.516661, -0.491537, -0.829361, -0.265615, 1.34759, 0.255682, 0.154124, -0.954396, -0.5751, 0, 0, 0, 1;
	0.832477, -0.537034, 0.136295, -0.516661, -0.491537, -0.829361, -0.265615, 1.34759, 0.255682, 0.154124, -0.954396, -0.5751, 0, 0, 0, 1;
	0.832477, -0.537034, 0.136295, -0.516661, -0.491537, -0.829361, -0.265615, 1.34759, 0.255682, 0.154124, -0.954396, -0.5751, 0, 0, 0, 1;
	0.832477, -0.537034, 0.136295, -0.516661, -0.491537, -0.829361, -0.265615, 1.34759, 0.255682, 0.154124, -0.954396, -0.5751, 0, 0, 0, 1;
	0.832477, -0.537034, 0.136295, -0.516661, -0.491537, -0.829361, -0.265615, 1.34759, 0.255682, 0.154124, -0.954396, -0.5751, 0, 0, 0, 1;
	0.832477, -0.537034, 0.136295, -0.516661, -0.491537, -0.829361, -0.265615, 1.34759, 0.255682, 0.154124, -0.954396, -0.5751, 0, 0, 0, 1;
	-0.139429, 0.937928, 0.317569, -0.99655, -0.714189, -0.317396, 0.623853, 0.510015, 0.685925, -0.139821, 0.714113, -0.184655, 0, 0, 0, 1;
	-0.139429, 0.937928, 0.317569, -0.99655, -0.714189, -0.317396, 0.623853, 0.510015, 0.685925, -0.139821, 0.714113, -0.184655, 0, 0, 0, 1;
	-0.139429, 0.937928, 0.317569, -0.99655, -0.714189, -0.317396, 0.623853, 0.510015, 0.685925, -0.139821, 0.714113, -0.184655, 0, 0, 0, 1;
	-0.513175, 0.222724, 0.828883, -0.182555, 0.474466, -0.731146, 0.490212, 1.08805, 0.715216, 0.644841, 0.269531, 0.0288233, 0, 0, 0, 1;
	-0.513175, 0.222724, 0.828883, -0.182555, 0.474466, -0.731146, 0.490212, 1.08805, 0.715216, 0.644841, 0.269531, 0.0288233, 0, 0, 0, 1;
	-0.513175, 0.222724, 0.828883, -0.182555, 0.474466, -0.731146, 0.490212, 1.08805, 0.715216, 0.644841, 0.269531, 0.0288233, 0, 0, 0, 1;
	-0.513175, 0.222724, 0.828883, -0.182555, 0.474466, -0.731146, 0.490212, 1.08805, 0.715216, 0.644841, 0.269531, 0.0288233, 0, 0, 0, 1;
	-0.513175, 0.222724, 0.828883, -0.182555, 0.474466, -0.731146, 0.490212, 1.08805, 0.715216, 0.644841, 0.269531, 0.0288233, 0, 0, 0, 1;
	-0.513175, 0.222724, 0.828883, -0.182555, 0.474466, -0.731146, 0.490212, 1.08805, 0.715216, 0.644841, 0.269531, 0.0288233, 0, 0, 0, 1;
	-0.513175, 0.222724, 0.828883, -0.182555, 0.474466, -0.731146, 0.490212, 1.08805, 0.715216, 0.644841, 0.269531, 0.0288233, 0, 0, 0, 1;
	-0.513175, 0.222724, 0.828883, -0.182555, 0.474466, -0.731146, 0.490212, 1.08805, 0.715216, 0.644841, 0.269531, 0.0288233, 0, 0, 0, 1;
	-0.549634, 0.404194, 0.731115, -0.987709, 0.105778, -0.834446, 0.540842, 1.02384, 0.828682, 0.374601, 0.415886, 0.63289, 0, 0, 0, 1;
	-0.549634, 0.404194, 0.731115, -0.987709, 0.105778, -0.834446, 0.540842, 1.02384, 0.828682, 0.374601, 0.415886, 0.63289, 0, 0, 0, 1;
	-0.549634, 0.404194, 0.731115, -0.987709, 0.105778, -0.834446, 0.540842, 1.02384, 0.828682, 0.374601, 0.415886, 0.63289, 0, 0, 0, 1;
	-0.698488, 0.678052, 0.228823, -1.20119, -0.528397, -0.704308, 0.474075, 0.0300413, 0.482609, 0.210226, 0.850232, 0.708261, 0, 0, 0, 1;
	-0.698488, 0.678052, 0.228823, -1.20119, -0.528397, -0.704308, 0.474075, 0.0300413, 0.482609, 0.210226, 0.850232, 0.708261, 0, 0, 0, 1;
	0.854251, 0.508396, -0.108578, -0.469802, -0.0545489, -0.120047, -0.991268, -0.207544, -0.516991, 0.852715, -0.0748179, -0.0128962, 0, 0, 0, 1;
	0.854251, 0.508396, -0.108578, -0.469802, -0.0545489, -0.120047, -0.991268, -0.207544, -0.516991, 0.852715, -0.0748179, -0.0128962, 0, 0, 0, 1;
	0.717111, 0.422501, -0.554297, -0.779666, -0.46862, -0.296398, -0.832192, -1.1311, -0.515895, 0.856529, -0.0145576, 0.242331, 0, 0, 0, 1;
	0.717111, 0.422501, -0.554297, -0.779666, -0.46862, -0.296398, -0.832192, -1.1311, -0.515895, 0.856529, -0.0145576, 0.242331, 0, 0, 0, 1;
	0.717111, 0.422501, -0.554297, -0.779666, -0.46862, -0.296398, -0.832192, -1.1311, -0.515895, 0.856529, -0.0145576, 0.242331, 0, 0, 0, 1
	];
