pose_6 = [
	1, 0, 0, 0, 0, 1, 0, 0, 0, 0, 1, 0, 0, 0, 0, 1;
	1, 0, 0, 0, 0, 1, 0, 0, 0, 0, 1, 0, 0, 0, 0, 1;
	0.998342, 0.056608, -0.0104179, -0.751117, -0.0565973, 0.998396, 0.00132338, -0.496012, 0.010476, -0.00073152, 0.999945, -0.435438, 0, 0, 0, 1;
	0.998342, 0.056608, -0.0104179, -0.751117, -0.0565973, 0.998396, 0.00132338, -0.496012, 0.010476, -0.00073152, 0.999945, -0.435438, 0, 0, 0, 1;
	0.998342, 0.056608, -0.0104179, -0.751117, -0.0565973, 0.998396, 0.00132338, -0.496012, 0.010476, -0.00073152, 0.999945, -0.435438, 0, 0, 0, 1;
	0.998342, 0.056608, -0.0104179, -0.751117, -0.0565973, 0.998396, 0.00132338, -0.496012, 0.010476, -0.00073152, 0.999945, -0.435438, 0, 0, 0, 1;
	0.998342, 0.056608, -0.0104179, -0.751117, -0.0565973, 0.998396, 0.00132338, -0.496012, 0.010476, -0.00073152, 0.999945, -0.435438, 0, 0, 0, 1;
	0.995888, 0.0897419, -0.012327, -1.71769, -0.0901738, 0.995093, -0.0407006, -0.748069, 0.00861387, 0.0416448, 0.999094, -0.475543, 0, 0, 0, 1;
	0.995888, 0.0897419, -0.012327, -1.71769, -0.0901738, 0.995093, -0.0407006, -0.748069, 0.00861387, 0.0416448, 0.999094, -0.475543, 0, 0, 0, 1;
	0.995888, 0.0897419, -0.012327, -1.71769, -0.0901738, 0.995093, -0.0407006, -0.748069, 0.00861387, 0.0416448, 0.999094, -0.475543, 0, 0, 0, 1;
	0.995888, 0.0897419, -0.012327, -1.71769, -0.0901738, 0.995093, -0.0407006, -0.748069, 0.00861387, 0.0416448, 0.999094, -0.475543, 0, 0, 0, 1;
	0.995888, 0.0897419, -0.012327, -1.71769, -0.0901738, 0.995093, -0.0407006, -0.748069, 0.00861387, 0.0416448, 0.999094, -0.475543, 0, 0, 0, 1;
	0.993449, 0.110527, 0.0289795, -1.7865, -0.10875, 0.992432, -0.0570099, 0.173199, -0.0350614, 0.0534848, 0.997952, -0.0949685, 0, 0, 0, 1;
	0.993449, 0.110527, 0.0289795, -1.7865, -0.10875, 0.992432, -0.0570099, 0.173199, -0.0350614, 0.0534848, 0.997952, -0.0949685, 0, 0, 0, 1;
	0.993449, 0.110527, 0.0289795, -1.7865, -0.10875, 0.992432, -0.0570099, 0.173199, -0.0350614, 0.0534848, 0.997952, -0.0949685, 0, 0, 0, 1;
	0.993449, 0.110527, 0.0289795, -1.7865, -0.10875, 0.992432, -0.0570099, 0.173199, -0.0350614, 0.0534848, 0.997952, -0.0949685, 0, 0, 0, 1;
	0.993449, 0.110527, 0.0289795, -1.7865, -0.10875, 0.992432, -0.0570099, 0.173199, -0.0350614, 0.0534848, 0.997952, -0.0949685, 0, 0, 0, 1;
	0.988662, 0.142535, 0.047197, -1.02963, -0.139951, 0.988674, -0.0541639, 0.758487, -0.054383, 0.0469443, 0.997415, 0.194678, 0, 0, 0, 1;
	0.988662, 0.142535, 0.047197, -1.02963, -0.139951, 0.988674, -0.0541639, 0.758487, -0.054383, 0.0469443, 0.997415, 0.194678, 0, 0, 0, 1;
	0.988662, 0.142535, 0.047197, -1.02963, -0.139951, 0.988674, -0.0541639, 0.758487, -0.054383, 0.0469443, 0.997415, 0.194678, 0, 0, 0, 1;
	0.988662, 0.142535, 0.047197, -1.02963, -0.139951, 0.988674, -0.0541639, 0.758487, -0.054383, 0.0469443, 0.997415, 0.194678, 0, 0, 0, 1;
	0.988662, 0.142535, 0.047197, -1.02963, -0.139951, 0.988674, -0.0541639, 0.758487, -0.054383, 0.0469443, 0.997415, 0.194678, 0, 0, 0, 1;
	0.983039, 0.169594, 0.0697695, -1.67895, -0.163896, 0.983176, -0.0806133, 1.51305, -0.0822676, 0.0678108, 0.994299, 0.1077, 0, 0, 0, 1;
	0.983039, 0.169594, 0.0697695, -1.67895, -0.163896, 0.983176, -0.0806133, 1.51305, -0.0822676, 0.0678108, 0.994299, 0.1077, 0, 0, 0, 1;
	0.983039, 0.169594, 0.0697695, -1.67895, -0.163896, 0.983176, -0.0806133, 1.51305, -0.0822676, 0.0678108, 0.994299, 0.1077, 0, 0, 0, 1;
	0.983039, 0.169594, 0.0697695, -1.67895, -0.163896, 0.983176, -0.0806133, 1.51305, -0.0822676, 0.0678108, 0.994299, 0.1077, 0, 0, 0, 1;
	0.983039, 0.169594, 0.0697695, -1.67895, -0.163896, 0.983176, -0.0806133, 1.51305, -0.0822676, 0.0678108, 0.994299, 0.1077, 0, 0, 0, 1;
	0.970222, 0.229764, 0.0766466, -1.49195, -0.221959, 0.970078, -0.098377, 0.629885, -0.0969571, 0.0784349, 0.992191, -0.326462, 0, 0, 0, 1;
	0.970222, 0.229764, 0.0766466, -1.49195, -0.221959, 0.970078, -0.098377, 0.629885, -0.0969571, 0.0784349, 0.992191, -0.326462, 0, 0, 0, 1;
	0.970222, 0.229764, 0.0766466, -1.49195, -0.221959, 0.970078, -0.098377, 0.629885, -0.0969571, 0.0784349, 0.992191, -0.326462, 0, 0, 0, 1;
	0.970222, 0.229764, 0.0766466, -1.49195, -0.221959, 0.970078, -0.098377, 0.629885, -0.0969571, 0.0784349, 0.992191, -0.326462, 0, 0, 0, 1;
	0.970222, 0.229764, 0.0766466, -1.49195, -0.221959, 0.970078, -0.098377, 0.629885, -0.0969571, 0.0784349, 0.992191, -0.326462, 0, 0, 0, 1;
	0.939816, 0.329176, 0.0915733, -1.45295, -0.315244, 0.938751, -0.139151, -0.347003, -0.13177, 0.101908, 0.986026, -0.55041, 0, 0, 0, 1;
	0.939816, 0.329176, 0.0915733, -1.45295, -0.315244, 0.938751, -0.139151, -0.347003, -0.13177, 0.101908, 0.986026, -0.55041, 0, 0, 0, 1;
	0.939816, 0.329176, 0.0915733, -1.45295, -0.315244, 0.938751, -0.139151, -0.347003, -0.13177, 0.101908, 0.986026, -0.55041, 0, 0, 0, 1;
	0.939816, 0.329176, 0.0915733, -1.45295, -0.315244, 0.938751, -0.139151, -0.347003, -0.13177, 0.101908, 0.986026, -0.55041, 0, 0, 0, 1;
	0.939816, 0.329176, 0.0915733, -1.45295, -0.315244, 0.938751, -0.139151, -0.347003, -0.13177, 0.101908, 0.986026, -0.55041, 0, 0, 0, 1;
	0.895361, 0.436144, 0.090023, -1.29231, -0.419771, 0.894041, -0.156452, -1.28386, -0.14872, 0.102291, 0.983572, -0.872011, 0, 0, 0, 1;
	0.895361, 0.436144, 0.090023, -1.29231, -0.419771, 0.894041, -0.156452, -1.28386, -0.14872, 0.102291, 0.983572, -0.872011, 0, 0, 0, 1;
	0.895361, 0.436144, 0.090023, -1.29231, -0.419771, 0.894041, -0.156452, -1.28386, -0.14872, 0.102291, 0.983572, -0.872011, 0, 0, 0, 1;
	0.895361, 0.436144, 0.090023, -1.29231, -0.419771, 0.894041, -0.156452, -1.28386, -0.14872, 0.102291, 0.983572, -0.872011, 0, 0, 0, 1;
	0.895361, 0.436144, 0.090023, -1.29231, -0.419771, 0.894041, -0.156452, -1.28386, -0.14872, 0.102291, 0.983572, -0.872011, 0, 0, 0, 1;
	0.813758, 0.574772, 0.0862037, -1.16817, -0.552707, 0.811174, -0.191064, -2.26381, -0.179745, 0.107834, 0.977782, -1.05658, 0, 0, 0, 1;
	0.813758, 0.574772, 0.0862037, -1.16817, -0.552707, 0.811174, -0.191064, -2.26381, -0.179745, 0.107834, 0.977782, -1.05658, 0, 0, 0, 1;
	0.813758, 0.574772, 0.0862037, -1.16817, -0.552707, 0.811174, -0.191064, -2.26381, -0.179745, 0.107834, 0.977782, -1.05658, 0, 0, 0, 1
	];
