pose_12 = [
	0.999925,	-0.00632784,	-0.010458,	0.922572,	0.00631252,	0.999979,	-0.00151405,	0.383675,	0.0104673,	0.00144795,	0.999944,	-0.0442803,	0,	0,	0,	1;
	0.999621,	-0.0223971,	-0.0159795,	1.83535,	0.022351,	0.999745,	-0.00308034,	0.790002,	0.0160444,	0.00272206,	0.999867,	-0.094152,	0,	0,	0,	1;
	0.999096,	-0.0349025,	-0.0242202,	2.75665,	0.0347841,	0.99938,	-0.00531297,	1.17744,	0.0243906,	0.00446574,	0.999692,	-0.135641,	0,	0,	0,	1;
	0.998487,	-0.0448882,	-0.0317427,	3.67247,	0.0446695,	0.998973,	-0.00758813,	1.57782,	0.0320507,	0.00615881,	0.999466,	-0.173673,	0,	0,	0,	1;
	0.997625,	-0.0597701,	-0.0341976,	4.57827,	0.0594877,	0.998186,	-0.00923963,	2.00222,	0.0346877,	0.00718345,	0.999371,	-0.184859,	0,	0,	0,	1;
	0.996249,	-0.0790822,	-0.0350985,	5.50521,	0.0787474,	0.996835,	-0.0108436,	2.37268,	0.0358449,	0.00803913,	0.999324,	-0.252251,	0,	0,	0,	1;
	0.995343,	-0.0875568,	-0.0402938,	6.42174,	0.0870962,	0.996113,	-0.0130678,	2.77252,	0.0412814,	0.00949766,	0.999101,	-0.275047,	0,	0,	0,	1;
	0.994517,	-0.09614,	-0.0411228,	7.34686,	0.0956389,	0.995317,	-0.0140051,	3.1489,	0.0422766,	0.0099955,	0.999054,	-0.329331,	0,	0,	0,	1;
	0.993049,	-0.111288,	-0.0382859,	8.24869,	0.110822,	0.993739,	-0.014129,	3.5818,	0.0396186,	0.00978807,	0.999165,	-0.323551,	0,	0,	0,	1;
	0.992113,	-0.117661,	-0.0431893,	9.15938,	0.117048,	0.992988,	-0.016515,	3.99525,	0.0448297,	0.0113298,	0.998929,	-0.330127,	0,	0,	0,	1;
	0.991059,	-0.125432,	-0.0454641,	10.0607,	0.124727,	0.992026,	-0.0180777,	4.42567,	0.0473691,	0.0122457,	0.998801,	-0.382376,	0,	0,	0,	1