pose_3 = [
	1, 0, 0, 0, 0, 1, 0, 0, 0, 0, 1, 0, 0, 0, 0, 1;
	1, 0, 0, 0, 0, 1, 0, 0, 0, 0, 1, 0, 0, 0, 0, 1;
	1, 0, 0, 0, 0, 1, 0, 0, 0, 0, 1, 0, 0, 0, 0, 1;
	1, 0, 0, 0, 0, 1, 0, 0, 0, 0, 1, 0, 0, 0, 0, 1;
	1, 0, 0, 0, 0, 1, 0, 0, 0, 0, 1, 0, 0, 0, 0, 1;
	1, 0, 0, 0, 0, 1, 0, 0, 0, 0, 1, 0, 0, 0, 0, 1;
	1, 0, 0, 0, 0, 1, 0, 0, 0, 0, 1, 0, 0, 0, 0, 1;
	1, 0, 0, 0, 0, 1, 0, 0, 0, 0, 1, 0, 0, 0, 0, 1;
	1, 0, 0, 0, 0, 1, 0, 0, 0, 0, 1, 0, 0, 0, 0, 1;
	1, 0, 0, 0, 0, 1, 0, 0, 0, 0, 1, 0, 0, 0, 0, 1;
	1, 0, 0, 0, 0, 1, 0, 0, 0, 0, 1, 0, 0, 0, 0, 1;
	1, 0, 0, 0, 0, 1, 0, 0, 0, 0, 1, 0, 0, 0, 0, 1;
	1, 0, 0, 0, 0, 1, 0, 0, 0, 0, 1, 0, 0, 0, 0, 1;
	0.475259, 0.879544, -0.0230304, -0.0754251, -0.708257, 0.397972, 0.583086, -0.233828, 0.522016, -0.260805, 0.812084, -0.981859, 0, 0, 0, 1;
	0.475259, 0.879544, -0.0230304, -0.0754251, -0.708257, 0.397972, 0.583086, -0.233828, 0.522016, -0.260805, 0.812084, -0.981859, 0, 0, 0, 1;
	0.475259, 0.879544, -0.0230304, -0.0754251, -0.708257, 0.397972, 0.583086, -0.233828, 0.522016, -0.260805, 0.812084, -0.981859, 0, 0, 0, 1;
	0.475259, 0.879544, -0.0230304, -0.0754251, -0.708257, 0.397972, 0.583086, -0.233828, 0.522016, -0.260805, 0.812084, -0.981859, 0, 0, 0, 1;
	0.475259, 0.879544, -0.0230304, -0.0754251, -0.708257, 0.397972, 0.583086, -0.233828, 0.522016, -0.260805, 0.812084, -0.981859, 0, 0, 0, 1;
	0.248464, 0.968206, -0.0290274, -1.02461, -0.689576, 0.155757, -0.707266, -0.0785405, -0.680258, 0.195747, 0.706352, -0.704275, 0, 0, 0, 1;
	0.258736, 0.956337, -0.135921, -1.9826, -0.299515, -0.0543485, -0.952543, 0.0276238, -0.918339, 0.287168, 0.272375, -0.435246, 0, 0, 0, 1;
	-0.852773, -0.479468, -0.207098, -2.93491, 0.519614, -0.738837, -0.429094, -0.335998, 0.0527249, -0.47353, 0.879198, -0.259361, 0, 0, 0, 1;
	-0.852773, -0.479468, -0.207098, -2.93491, 0.519614, -0.738837, -0.429094, -0.335998, 0.0527249, -0.47353, 0.879198, -0.259361, 0, 0, 0, 1;
	-0.852773, -0.479468, -0.207098, -2.93491, 0.519614, -0.738837, -0.429094, -0.335998, 0.0527249, -0.47353, 0.879198, -0.259361, 0, 0, 0, 1;
	-0.852773, -0.479468, -0.207098, -2.93491, 0.519614, -0.738837, -0.429094, -0.335998, 0.0527249, -0.47353, 0.879198, -0.259361, 0, 0, 0, 1;
	-0.852773, -0.479468, -0.207098, -2.93491, 0.519614, -0.738837, -0.429094, -0.335998, 0.0527249, -0.47353, 0.879198, -0.259361, 0, 0, 0, 1;
	-0.852773, -0.479468, -0.207098, -2.93491, 0.519614, -0.738837, -0.429094, -0.335998, 0.0527249, -0.47353, 0.879198, -0.259361, 0, 0, 0, 1;
	-0.445357, -0.694037, -0.565658, -2.54108, 0.747384, -0.636053, 0.191974, 0.0101014, -0.493026, -0.337267, 0.801983, 0.596944, 0, 0, 0, 1;
	-0.604802, -0.453844, -0.6544, -1.81353, 0.723556, -0.65643, -0.213464, 0.58889, -0.332689, -0.602599, 0.725392, 0.972723, 0, 0, 0, 1;
	-0.604802, -0.453844, -0.6544, -1.81353, 0.723556, -0.65643, -0.213464, 0.58889, -0.332689, -0.602599, 0.725392, 0.972723, 0, 0, 0, 1;
	-0.907123, -0.148599, 0.393759, -1.55227, -0.22164, -0.626673, -0.7471, 1.12936, 0.357776, -0.764984, 0.535534, 1.7716, 0, 0, 0, 1;
	-0.907123, -0.148599, 0.393759, -1.55227, -0.22164, -0.626673, -0.7471, 1.12936, 0.357776, -0.764984, 0.535534, 1.7716, 0, 0, 0, 1;
	-0.427906, 0.162713, 0.889056, -1.18291, -0.886122, -0.269254, -0.377215, 1.305, 0.178005, -0.949224, 0.259399, 2.68534, 0, 0, 0, 1;
	-0.427906, 0.162713, 0.889056, -1.18291, -0.886122, -0.269254, -0.377215, 1.305, 0.178005, -0.949224, 0.259399, 2.68534, 0, 0, 0, 1;
	-0.427906, 0.162713, 0.889056, -1.18291, -0.886122, -0.269254, -0.377215, 1.305, 0.178005, -0.949224, 0.259399, 2.68534, 0, 0, 0, 1;
	-0.427906, 0.162713, 0.889056, -1.18291, -0.886122, -0.269254, -0.377215, 1.305, 0.178005, -0.949224, 0.259399, 2.68534, 0, 0, 0, 1;
	0.527638, -0.649477, 0.54752, -1.72627, -0.114215, 0.58445, 0.803352, 1.74122, -0.841756, -0.486414, 0.234198, 3.46039, 0, 0, 0, 1;
	0.527638, -0.649477, 0.54752, -1.72627, -0.114215, 0.58445, 0.803352, 1.74122, -0.841756, -0.486414, 0.234198, 3.46039, 0, 0, 0, 1;
	0.527638, -0.649477, 0.54752, -1.72627, -0.114215, 0.58445, 0.803352, 1.74122, -0.841756, -0.486414, 0.234198, 3.46039, 0, 0, 0, 1;
	0.527638, -0.649477, 0.54752, -1.72627, -0.114215, 0.58445, 0.803352, 1.74122, -0.841756, -0.486414, 0.234198, 3.46039, 0, 0, 0, 1;
	0.399815, -0.815582, 0.418297, -0.909926, -0.0399384, 0.440426, 0.896901, 1.9844, -0.915725, -0.375301, 0.143516, 3.98004, 0, 0, 0, 1
	];
