pose_0 = [
	0.9888, 0.140812, 0.0494626, 0.712673, -0.137431, 0.9883, -0.0661541, 0.471292, -0.0581992, 0.0586154, 0.996583, -0.522177, 0, 0, 0, 1;
	0.9888, 0.140812, 0.0494626, 0.712673, -0.137431, 0.9883, -0.0661541, 0.471292, -0.0581992, 0.0586154, 0.996583, -0.522177, 0, 0, 0, 1;
	0.9888, 0.140812, 0.0494626, 0.712673, -0.137431, 0.9883, -0.0661541, 0.471292, -0.0581992, 0.0586154, 0.996583, -0.522177, 0, 0, 0, 1;
	0.9888, 0.140812, 0.0494626, 0.712673, -0.137431, 0.9883, -0.0661541, 0.471292, -0.0581992, 0.0586154, 0.996583, -0.522177, 0, 0, 0, 1;
	0.9888, 0.140812, 0.0494626, 0.712673, -0.137431, 0.9883, -0.0661541, 0.471292, -0.0581992, 0.0586154, 0.996583, -0.522177, 0, 0, 0, 1;
	0.97679, 0.210405, 0.0401292, -0.138882, -0.204901, 0.972446, -0.11119, 0.464753, -0.0624186, 0.100387, 0.992988, 0.00149983, 0, 0, 0, 1;
	0.97679, 0.210405, 0.0401292, -0.138882, -0.204901, 0.972446, -0.11119, 0.464753, -0.0624186, 0.100387, 0.992988, 0.00149983, 0, 0, 0, 1;
	0.97679, 0.210405, 0.0401292, -0.138882, -0.204901, 0.972446, -0.11119, 0.464753, -0.0624186, 0.100387, 0.992988, 0.00149983, 0, 0, 0, 1;
	0.97679, 0.210405, 0.0401292, -0.138882, -0.204901, 0.972446, -0.11119, 0.464753, -0.0624186, 0.100387, 0.992988, 0.00149983, 0, 0, 0, 1;
	0.97679, 0.210405, 0.0401292, -0.138882, -0.204901, 0.972446, -0.11119, 0.464753, -0.0624186, 0.100387, 0.992988, 0.00149983, 0, 0, 0, 1;
	0.93399, 0.357087, -0.0122897, -0.165199, -0.357298, 0.933452, -0.031692, 1.20184, 0.000155061, 0.0339911, 0.999422, -0.68083, 0, 0, 0, 1;
	0.93399, 0.357087, -0.0122897, -0.165199, -0.357298, 0.933452, -0.031692, 1.20184, 0.000155061, 0.0339911, 0.999422, -0.68083, 0, 0, 0, 1;
	0.93399, 0.357087, -0.0122897, -0.165199, -0.357298, 0.933452, -0.031692, 1.20184, 0.000155061, 0.0339911, 0.999422, -0.68083, 0, 0, 0, 1;
	0.93399, 0.357087, -0.0122897, -0.165199, -0.357298, 0.933452, -0.031692, 1.20184, 0.000155061, 0.0339911, 0.999422, -0.68083, 0, 0, 0, 1;
	0.93399, 0.357087, -0.0122897, -0.165199, -0.357298, 0.933452, -0.031692, 1.20184, 0.000155061, 0.0339911, 0.999422, -0.68083, 0, 0, 0, 1;
	0.924173, 0.380823, -0.0296304, -0.586895, -0.381626, 0.923858, -0.0291026, 0.298178, 0.0162913, 0.0382035, 0.999137, -0.744081, 0, 0, 0, 1;
	0.924173, 0.380823, -0.0296304, -0.586895, -0.381626, 0.923858, -0.0291026, 0.298178, 0.0162913, 0.0382035, 0.999137, -0.744081, 0, 0, 0, 1;
	0.924173, 0.380823, -0.0296304, -0.586895, -0.381626, 0.923858, -0.0291026, 0.298178, 0.0162913, 0.0382035, 0.999137, -0.744081, 0, 0, 0, 1;
	0.924173, 0.380823, -0.0296304, -0.586895, -0.381626, 0.923858, -0.0291026, 0.298178, 0.0162913, 0.0382035, 0.999137, -0.744081, 0, 0, 0, 1;
	0.924173, 0.380823, -0.0296304, -0.586895, -0.381626, 0.923858, -0.0291026, 0.298178, 0.0162913, 0.0382035, 0.999137, -0.744081, 0, 0, 0, 1;
	0.907734, 0.418848, -0.0241886, -1.3319, -0.419535, 0.906624, -0.0449688, 0.777495, 0.00309474, 0.0509676, 0.998695, -0.27939, 0, 0, 0, 1;
	0.907734, 0.418848, -0.0241886, -1.3319, -0.419535, 0.906624, -0.0449688, 0.777495, 0.00309474, 0.0509676, 0.998695, -0.27939, 0, 0, 0, 1;
	0.907734, 0.418848, -0.0241886, -1.3319, -0.419535, 0.906624, -0.0449688, 0.777495, 0.00309474, 0.0509676, 0.998695, -0.27939, 0, 0, 0, 1;
	0.907734, 0.418848, -0.0241886, -1.3319, -0.419535, 0.906624, -0.0449688, 0.777495, 0.00309474, 0.0509676, 0.998695, -0.27939, 0, 0, 0, 1;
	0.907734, 0.418848, -0.0241886, -1.3319, -0.419535, 0.906624, -0.0449688, 0.777495, 0.00309474, 0.0509676, 0.998695, -0.27939, 0, 0, 0, 1;
	0.855153, 0.514741, -0.06127, -1.97294, -0.516908, 0.855641, -0.0261434, 1.53463, 0.038968, 0.0540277, 0.997778, -0.41535, 0, 0, 0, 1;
	0.855153, 0.514741, -0.06127, -1.97294, -0.516908, 0.855641, -0.0261434, 1.53463, 0.038968, 0.0540277, 0.997778, -0.41535, 0, 0, 0, 1;
	0.855153, 0.514741, -0.06127, -1.97294, -0.516908, 0.855641, -0.0261434, 1.53463, 0.038968, 0.0540277, 0.997778, -0.41535, 0, 0, 0, 1;
	0.855153, 0.514741, -0.06127, -1.97294, -0.516908, 0.855641, -0.0261434, 1.53463, 0.038968, 0.0540277, 0.997778, -0.41535, 0, 0, 0, 1;
	0.855153, 0.514741, -0.06127, -1.97294, -0.516908, 0.855641, -0.0261434, 1.53463, 0.038968, 0.0540277, 0.997778, -0.41535, 0, 0, 0, 1;
	0.794032, 0.606353, -0.0429899, -1.14105, -0.607825, 0.791067, -0.0690004, 2.0858, -0.0078308, 0.0809189, 0.996689, -0.516374, 0, 0, 0, 1;
	0.794032, 0.606353, -0.0429899, -1.14105, -0.607825, 0.791067, -0.0690004, 2.0858, -0.0078308, 0.0809189, 0.996689, -0.516374, 0, 0, 0, 1;
	0.794032, 0.606353, -0.0429899, -1.14105, -0.607825, 0.791067, -0.0690004, 2.0858, -0.0078308, 0.0809189, 0.996689, -0.516374, 0, 0, 0, 1;
	0.794032, 0.606353, -0.0429899, -1.14105, -0.607825, 0.791067, -0.0690004, 2.0858, -0.0078308, 0.0809189, 0.996689, -0.516374, 0, 0, 0, 1;
	0.794032, 0.606353, -0.0429899, -1.14105, -0.607825, 0.791067, -0.0690004, 2.0858, -0.0078308, 0.0809189, 0.996689, -0.516374, 0, 0, 0, 1;
	0.717952, 0.695013, -0.0387239, -1.40126, -0.695726, 0.714662, -0.0722686, 2.92189, -0.0225531, 0.0788265, 0.996633, -0.0296199, 0, 0, 0, 1;
	0.717952, 0.695013, -0.0387239, -1.40126, -0.695726, 0.714662, -0.0722686, 2.92189, -0.0225531, 0.0788265, 0.996633, -0.0296199, 0, 0, 0, 1;
	0.717952, 0.695013, -0.0387239, -1.40126, -0.695726, 0.714662, -0.0722686, 2.92189, -0.0225531, 0.0788265, 0.996633, -0.0296199, 0, 0, 0, 1;
	0.717952, 0.695013, -0.0387239, -1.40126, -0.695726, 0.714662, -0.0722686, 2.92189, -0.0225531, 0.0788265, 0.996633, -0.0296199, 0, 0, 0, 1;
	0.717952, 0.695013, -0.0387239, -1.40126, -0.695726, 0.714662, -0.0722686, 2.92189, -0.0225531, 0.0788265, 0.996633, -0.0296199, 0, 0, 0, 1;
	0.568304, 0.822478, -0.023654, -0.478532, -0.821866, 0.566028, -0.0644048, 3.32062, -0.0395827, 0.0560417, 0.997643, -0.0658149, 0, 0, 0, 1;
	0.568304, 0.822478, -0.023654, -0.478532, -0.821866, 0.566028, -0.0644048, 3.32062, -0.0395827, 0.0560417, 0.997643, -0.0658149, 0, 0, 0, 1;
	0.568304, 0.822478, -0.023654, -0.478532, -0.821866, 0.566028, -0.0644048, 3.32062, -0.0395827, 0.0560417, 0.997643, -0.0658149, 0, 0, 0, 1;
	0.568304, 0.822478, -0.023654, -0.478532, -0.821866, 0.566028, -0.0644048, 3.32062, -0.0395827, 0.0560417, 0.997643, -0.0658149, 0, 0, 0, 1;
	0.568304, 0.822478, -0.023654, -0.478532, -0.821866, 0.566028, -0.0644048, 3.32062, -0.0395827, 0.0560417, 0.997643, -0.0658149, 0, 0, 0, 1
	];
