pose_9 = [
	0.999926,	-0.00632873,	-0.010458,	0.922609,	0.00631341,	0.999979,	-0.00151404,	0.383565,	0.0104673,	0.0014479,	0.999944,	-0.0444956,	0,	0,	0,	1;
	0.999622,	-0.0223976,	-0.0159797,	1.83594,	0.0223515,	0.999745,	-0.00308026,	0.788695,	0.0160445,	0.00272193,	0.999868,	-0.0948317,	0,	0,	0,	1;
	0.999098,	-0.0349033,	-0.0242204,	2.75757,	0.034785,	0.999381,	-0.00531312,	1.17529,	0.0243907,	0.00446592,	0.999693,	-0.136982,	0,	0,	0,	1;
	0.998488,	-0.0448899,	-0.0317433,	3.67348,	0.044671,	0.998973,	-0.00758827,	1.57547,	0.0320512,	0.00615891,	0.999468,	-0.175196,	0,	0,	0,	1;
	0.997626,	-0.0597724,	-0.0341981,	4.57981,	0.0594896,	0.998186,	-0.00924005,	1.99883,	0.0346883,	0.00718379,	0.999373,	-0.186602,	0,	0,	0,	1;
	0.99625,	-0.0790844,	-0.0350993,	5.50743,	0.0787495,	0.996835,	-0.0108441,	2.36753,	0.0358458,	0.0080395,	0.999326,	-0.254101,	0,	0,	0,	1;
	0.995345,	-0.0875585,	-0.0402946,	6.4242,	0.0870979,	0.996114,	-0.0130683,	2.76679,	0.0412821,	0.00949805,	0.999103,	-0.277371,	0,	0,	0,	1;
	0.994518,	-0.0961426,	-0.0411237,	7.3496,	0.0956416,	0.995317,	-0.0140056,	3.14242,	0.0422776,	0.00999585,	0.999056,	-0.331836,	0,	0,	0,	1;
	0.99305,	-0.111292,	-0.0382866,	8.25195,	0.110825,	0.99374,	-0.0141295,	3.5743,	0.0396193,	0.00978833,	0.999168,	-0.32593,	0,	0,	0,	1;
	0.992114,	-0.117664,	-0.04319,	9.16269,	0.11705,	0.992989,	-0.0165151,	3.98759,	0.0448304,	0.0113296,	0.998931,	-0.332611,	0,	0,	0,	1;
	0.99106,	-0.125435,	-0.0454652,	10.0643,	0.124729,	0.992026,	-0.018078,	4.41743,	0.0473702,	0.0122457,	0.998803,	-0.385119,	0,	0,	0,	1