pose_12 = [
	1, 0, 0, 0, 0, 1, 0, 0, 0, 0, 1, 0, 0, 0, 0, 1;
	1, 0, 0, 0, 0, 1, 0, 0, 0, 0, 1, 0, 0, 0, 0, 1;
	1, 0, 0, 0, 0, 1, 0, 0, 0, 0, 1, 0, 0, 0, 0, 1;
	1, 0, 0, 0, 0, 1, 0, 0, 0, 0, 1, 0, 0, 0, 0, 1;
	1, 0, 0, 0, 0, 1, 0, 0, 0, 0, 1, 0, 0, 0, 0, 1;
	1, 0, 0, 0, 0, 1, 0, 0, 0, 0, 1, 0, 0, 0, 0, 1;
	0.902907, -0.0855859, -0.421228, 0.168358, 0.103118, 0.994488, 0.0189723, -0.564536, 0.417283, -0.0605665, 0.906756, -0.811714, 0, 0, 0, 1;
	0.902907, -0.0855859, -0.421228, 0.168358, 0.103118, 0.994488, 0.0189723, -0.564536, 0.417283, -0.0605665, 0.906756, -0.811714, 0, 0, 0, 1;
	0.902907, -0.0855859, -0.421228, 0.168358, 0.103118, 0.994488, 0.0189723, -0.564536, 0.417283, -0.0605665, 0.906756, -0.811714, 0, 0, 0, 1;
	0.902907, -0.0855859, -0.421228, 0.168358, 0.103118, 0.994488, 0.0189723, -0.564536, 0.417283, -0.0605665, 0.906756, -0.811714, 0, 0, 0, 1;
	0.902907, -0.0855859, -0.421228, 0.168358, 0.103118, 0.994488, 0.0189723, -0.564536, 0.417283, -0.0605665, 0.906756, -0.811714, 0, 0, 0, 1;
	0.902907, -0.0855859, -0.421228, 0.168358, 0.103118, 0.994488, 0.0189723, -0.564536, 0.417283, -0.0605665, 0.906756, -0.811714, 0, 0, 0, 1;
	0.804513, -0.225533, -0.549447, 0.50507, 0.0376392, 0.942599, -0.3318, -0.79979, 0.59274, 0.246256, 0.766822, -1.73578, 0, 0, 0, 1;
	0.804513, -0.225533, -0.549447, 0.50507, 0.0376392, 0.942599, -0.3318, -0.79979, 0.59274, 0.246256, 0.766822, -1.73578, 0, 0, 0, 1;
	0.804513, -0.225533, -0.549447, 0.50507, 0.0376392, 0.942599, -0.3318, -0.79979, 0.59274, 0.246256, 0.766822, -1.73578, 0, 0, 0, 1;
	0.804513, -0.225533, -0.549447, 0.50507, 0.0376392, 0.942599, -0.3318, -0.79979, 0.59274, 0.246256, 0.766822, -1.73578, 0, 0, 0, 1;
	0.804513, -0.225533, -0.549447, 0.50507, 0.0376392, 0.942599, -0.3318, -0.79979, 0.59274, 0.246256, 0.766822, -1.73578, 0, 0, 0, 1;
	0.905235, -0.386342, 0.176887, 1.24265, 0.315745, 0.333028, -0.88848, -0.941476, 0.284349, 0.860134, 0.423455, -2.41267, 0, 0, 0, 1;
	0.905235, -0.386342, 0.176887, 1.24265, 0.315745, 0.333028, -0.88848, -0.941476, 0.284349, 0.860134, 0.423455, -2.41267, 0, 0, 0, 1;
	0.626897, -0.717912, 0.302655, 1.46186, 0.762233, 0.484759, -0.428961, -1.02059, 0.161242, 0.499609, 0.851112, -1.42454, 0, 0, 0, 1;
	0.626897, -0.717912, 0.302655, 1.46186, 0.762233, 0.484759, -0.428961, -1.02059, 0.161242, 0.499609, 0.851112, -1.42454, 0, 0, 0, 1;
	0.626897, -0.717912, 0.302655, 1.46186, 0.762233, 0.484759, -0.428961, -1.02059, 0.161242, 0.499609, 0.851112, -1.42454, 0, 0, 0, 1;
	0.626897, -0.717912, 0.302655, 1.46186, 0.762233, 0.484759, -0.428961, -1.02059, 0.161242, 0.499609, 0.851112, -1.42454, 0, 0, 0, 1;
	0.626897, -0.717912, 0.302655, 1.46186, 0.762233, 0.484759, -0.428961, -1.02059, 0.161242, 0.499609, 0.851112, -1.42454, 0, 0, 0, 1;
	0.626897, -0.717912, 0.302655, 1.46186, 0.762233, 0.484759, -0.428961, -1.02059, 0.161242, 0.499609, 0.851112, -1.42454, 0, 0, 0, 1;
	0.626897, -0.717912, 0.302655, 1.46186, 0.762233, 0.484759, -0.428961, -1.02059, 0.161242, 0.499609, 0.851112, -1.42454, 0, 0, 0, 1;
	0.626897, -0.717912, 0.302655, 1.46186, 0.762233, 0.484759, -0.428961, -1.02059, 0.161242, 0.499609, 0.851112, -1.42454, 0, 0, 0, 1;
	0.626897, -0.717912, 0.302655, 1.46186, 0.762233, 0.484759, -0.428961, -1.02059, 0.161242, 0.499609, 0.851112, -1.42454, 0, 0, 0, 1;
	0.626897, -0.717912, 0.302655, 1.46186, 0.762233, 0.484759, -0.428961, -1.02059, 0.161242, 0.499609, 0.851112, -1.42454, 0, 0, 0, 1;
	0.626897, -0.717912, 0.302655, 1.46186, 0.762233, 0.484759, -0.428961, -1.02059, 0.161242, 0.499609, 0.851112, -1.42454, 0, 0, 0, 1;
	0.616502, -0.656066, 0.43532, 1.01308, 0.728116, 0.264656, -0.6323, -0.344039, 0.299621, 0.706777, 0.640853, -2.02513, 0, 0, 0, 1;
	0.777259, -0.576099, 0.252938, 1.40086, 0.628063, 0.686469, -0.366467, -1.10051, 0.0374876, 0.4437, 0.895391, -1.47469, 0, 0, 0, 1;
	0.777259, -0.576099, 0.252938, 1.40086, 0.628063, 0.686469, -0.366467, -1.10051, 0.0374876, 0.4437, 0.895391, -1.47469, 0, 0, 0, 1;
	0.777259, -0.576099, 0.252938, 1.40086, 0.628063, 0.686469, -0.366467, -1.10051, 0.0374876, 0.4437, 0.895391, -1.47469, 0, 0, 0, 1;
	0.777259, -0.576099, 0.252938, 1.40086, 0.628063, 0.686469, -0.366467, -1.10051, 0.0374876, 0.4437, 0.895391, -1.47469, 0, 0, 0, 1;
	0.777259, -0.576099, 0.252938, 1.40086, 0.628063, 0.686469, -0.366467, -1.10051, 0.0374876, 0.4437, 0.895391, -1.47469, 0, 0, 0, 1;
	0.898344, -0.424088, 0.114574, 0.761068, 0.43037, 0.797338, -0.423123, -0.340745, 0.0880876, 0.429419, 0.898798, -1.61164, 0, 0, 0, 1;
	0.898344, -0.424088, 0.114574, 0.761068, 0.43037, 0.797338, -0.423123, -0.340745, 0.0880876, 0.429419, 0.898798, -1.61164, 0, 0, 0, 1;
	0.898344, -0.424088, 0.114574, 0.761068, 0.43037, 0.797338, -0.423123, -0.340745, 0.0880876, 0.429419, 0.898798, -1.61164, 0, 0, 0, 1;
	0.898344, -0.424088, 0.114574, 0.761068, 0.43037, 0.797338, -0.423123, -0.340745, 0.0880876, 0.429419, 0.898798, -1.61164, 0, 0, 0, 1
	];
