pose_0 = [
	0.999926,	-0.00632888,	-0.0104579,	0.922375,	0.00631342,	0.999979,	-0.00151404,	0.383604,	0.0104673,	0.00144795,	0.999945,	-0.044173,	0,	0,	0,	1;
	0.999622,	-0.022398,	-0.0159799,	1.83451,	0.0223516,	0.999746,	-0.00308018,	0.790005,	0.0160448,	0.00272189,	0.999868,	-0.0938451,	0,	0,	0,	1;
	0.999097,	-0.0349038,	-0.0242209,	2.75534,	0.034785,	0.999381,	-0.00531307,	1.17747,	0.0243913,	0.0044658,	0.999693,	-0.134915,	0,	0,	0,	1;
	0.998488,	-0.04489,	-0.0317435,	3.67082,	0.0446708,	0.998973,	-0.00758827,	1.57779,	0.0320515,	0.00615884,	0.999467,	-0.172833,	0,	0,	0,	1;
	0.997627,	-0.0597722,	-0.0341982,	4.57603,	0.0594893,	0.998187,	-0.00923998,	2.00219,	0.0346885,	0.00718369,	0.999373,	-0.183892,	0,	0,	0,	1;
	0.99625,	-0.0790843,	-0.0350993,	5.50215,	0.0787492,	0.996836,	-0.010844,	2.37286,	0.0358457,	0.00803938,	0.999326,	-0.251206,	0,	0,	0,	1;
	0.995345,	-0.0875588,	-0.0402947,	6.41833,	0.087098,	0.996114,	-0.0130683,	2.7728,	0.0412823,	0.00949794,	0.999103,	-0.273735,	0,	0,	0,	1;
	0.994518,	-0.0961423,	-0.0411234,	7.34312,	0.095641,	0.995318,	-0.0140055,	3.14917,	0.0422773,	0.00999571,	0.999056,	-0.328012,	0,	0,	0,	1;
	0.993051,	-0.111291,	-0.0382863,	8.24433,	0.110824,	0.99374,	-0.0141295,	3.58211,	0.039619,	0.00978828,	0.999167,	-0.322442,	0,	0,	0,	1;
	0.992115,	-0.117664,	-0.0431898,	9.1548,	0.117049,	0.992989,	-0.0165153,	3.99552,	0.0448302,	0.0113297,	0.998931,	-0.329003,	0,	0,	0,	1;
	0.99106,	-0.125435,	-0.0454648,	10.0558,	0.124728,	0.992027,	-0.0180783,	4.42595,	0.0473699,	0.0122459,	0.998803,	-0.381147,	0,	0,	0,	1