pose_6 = [
	0.999925,	-0.00632831,	-0.010458,	0.922459,	0.00631303,	0.999979,	-0.00151421,	0.383366,	0.0104673,	0.00144819,	0.999944,	-0.0445616,	0,	0,	0,	1;
	0.999621,	-0.0223978,	-0.0159798,	1.83549,	0.0223513,	0.999745,	-0.00308043,	0.787869,	0.0160447,	0.00272218,	0.999867,	-0.0948241,	0,	0,	0,	1;
	0.999097,	-0.0349037,	-0.0242206,	2.7569,	0.034785,	0.99938,	-0.00531357,	1.17389,	0.0243909,	0.00446647,	0.999691,	-0.137113,	0,	0,	0,	1;
	0.998487,	-0.0448897,	-0.0317431,	3.67251,	0.0446705,	0.998972,	-0.00758868,	1.5739,	0.032051,	0.00615934,	0.999466,	-0.175361,	0,	0,	0,	1;
	0.997626,	-0.0597716,	-0.0341979,	4.57862,	0.059489,	0.998185,	-0.00924024,	1.99656,	0.0346881,	0.00718404,	0.999371,	-0.186877,	0,	0,	0,	1;
	0.996249,	-0.0790841,	-0.0350988,	5.50571,	0.0787492,	0.996834,	-0.0108443,	2.36478,	0.0358452,	0.00803976,	0.999323,	-0.254365,	0,	0,	0,	1;
	0.995343,	-0.0875588,	-0.0402939,	6.42232,	0.0870984,	0.996113,	-0.0130686,	2.76368,	0.0412815,	0.00949837,	0.9991,	-0.27771,	0,	0,	0,	1;
	0.994517,	-0.0961421,	-0.0411228,	7.34753,	0.0956412,	0.995316,	-0.0140057,	3.13898,	0.0422766,	0.00999615,	0.999053,	-0.332109,	0,	0,	0,	1;
	0.993049,	-0.111291,	-0.0382858,	8.24972,	0.110824,	0.993738,	-0.0141299,	3.57,	0.0396185,	0.00978896,	0.999164,	-0.326149,	0,	0,	0,	1;
	0.992113,	-0.117663,	-0.043189,	9.16028,	0.117049,	0.992987,	-0.0165159,	3.98317,	0.0448293,	0.0113306,	0.998927,	-0.332797,	0,	0,	0,	1;
	0.991058,	-0.125434,	-0.0454637,	10.0617,	0.124728,	0.992024,	-0.0180789,	4.41272,	0.0473688,	0.0122468,	0.998799,	-0.385306,	0,	0,	0,	1