pose_1 = [
	0.999845,	-0.0175222,	-0.00178665,	0.986675,	0.0175189,	0.999845,	-0.00189037,	0.266774,	0.00181949,	0.00185877,	0.999997,	-0.110388,	0,	0,	0,	1