pose_3 = [
	0.999925,	-0.00632873,	-0.0104579,	0.92227,	0.00631335,	0.999979,	-0.00151432,	0.383508,	0.0104673,	0.00144816,	0.999944,	-0.0443178,	0,	0,	0,	1;
	0.999622,	-0.022398,	-0.0159796,	1.83461,	0.0223517,	0.999746,	-0.00308064,	0.788657,	0.0160445,	0.00272229,	0.999867,	-0.0941399,	0,	0,	0,	1;
	0.999098,	-0.034904,	-0.0242205,	2.75545,	0.0347851,	0.999381,	-0.00531344,	1.17536,	0.024391,	0.00446611,	0.999692,	-0.135819,	0,	0,	0,	1;
	0.998488,	-0.0448909,	-0.0317428,	3.67082,	0.0446715,	0.998974,	-0.00758872,	1.57541,	0.0320509,	0.00615922,	0.999467,	-0.173875,	0,	0,	0,	1;
	0.997627,	-0.059772,	-0.0341976,	4.57616,	0.059489,	0.998187,	-0.00924039,	1.99885,	0.0346879,	0.00718405,	0.999373,	-0.185198,	0,	0,	0,	1;
	0.996251,	-0.0790843,	-0.0350986,	5.50239,	0.0787488,	0.996836,	-0.0108441,	2.3681,	0.0358452,	0.00803948,	0.999325,	-0.252491,	0,	0,	0,	1;
	0.995345,	-0.0875588,	-0.0402941,	6.41863,	0.0870975,	0.996115,	-0.0130682,	2.7674,	0.0412817,	0.00949777,	0.999103,	-0.275471,	0,	0,	0,	1;
	0.994519,	-0.0961422,	-0.0411228,	7.34344,	0.0956405,	0.995319,	-0.0140057,	3.14321,	0.0422768,	0.00999585,	0.999057,	-0.329779,	0,	0,	0,	1;
	0.993051,	-0.111291,	-0.0382858,	8.24483,	0.110823,	0.993741,	-0.0141297,	3.57507,	0.0396186,	0.00978847,	0.999168,	-0.324105,	0,	0,	0,	1;
	0.992115,	-0.117663,	-0.0431893,	9.15518,	0.117048,	0.992991,	-0.0165155,	3.98837,	0.0448297,	0.01133,	0.998931,	-0.330756,	0,	0,	0,	1;
	0.991061,	-0.125435,	-0.0454644,	10.0562,	0.124728,	0.992028,	-0.0180781,	4.41832,	0.0473695,	0.0122457,	0.998803,	-0.383072,	0,	0,	0,	1