# Created by Octave 4.0.0, Tue Jul 12 17:21:23 2016 BRT <anaritapereira@lasi-xps>
# name: pose_0
# type: matrix
# rows: 251
# columns: 16
 0.632721 -0.707354 -0.315143 0.749695 -0.109571 0.321088 -0.940689 -0.6355420000000001 0.766589 0.629724 0.125654 0.192249 0 0 0 1
 0.8569020000000001 -0.444155 0.261622 1.43875 0.451625 0.8915459999999999 0.0343491 -1.31401 -0.248505 0.0887212 0.9645590000000001 0.503651 0 0 0 1
 0.882825 -0.468928 -0.0269679 2.39634 0.452857 0.83452 0.313845 -1.5403 -0.124665 -0.289283 0.949092 0.673859 0 0 0 1
 -0.7511100000000001 0.395608 0.528516 3.3663 -0.022642 0.784658 -0.619516 -1.57053 -0.659789 -0.477291 -0.580406 1.0832 0 0 0 1
 0.777913 -0.618112 -0.11309 2.36772 0.130509 -0.0171184 0.9913 -1.88668 -0.61467 -0.785904 0.0673526 1.07088 0 0 0 1
 0.705427 -0.703427 -0.08697299999999999 3.32556 0.404772 0.299082 0.864123 -1.60047 -0.581835 -0.64478 0.495709 1.07291 0 0 0 1
 -0.623959 -0.778843 0.0638634 4.23114 -0.132386 0.185893 0.97361 -1.11428 -0.770162 0.599039 -0.219098 1.2604 0 0 0 1
 -0.579986 -0.485958 0.6538040000000001 4.11478 -0.0492782 0.822041 0.567291 -1.28082 -0.813134 0.296803 -0.5007200000000001 2.24129 0 0 0 1
 -0.449517 -0.409246 0.79401 4.16243 -0.179876 0.912141 0.368298 -0.701057 -0.874973 0.0227331 -0.483637 3.05915 0 0 0 1
 0.319633 0.169984 -0.932169 4.06316 0.934424 0.106576 0.339841 -1.35477 0.157114 -0.979667 -0.124772 2.24429 0 0 0 1
 -0.0777545 0.922051 -0.379178 3.80163 0.594751 0.34814 0.724616 -1.85118 0.800141 -0.169174 -0.57546 1.40766 0 0 0 1
 0.252932 0.788247 -0.5609730000000001 3.23833 0.641972 0.297048 0.706847 -1.58742 0.723807 -0.538914 -0.4309 2.19967 0 0 0 1
 0.36491 0.877664 -0.310716 2.98191 0.324602 0.19286 0.925979 -1.27287 0.872624 -0.438759 -0.214515 3.11328 0 0 0 1
 -0.183487 0.513638 -0.838156 2.8569 0.587151 0.741096 0.32562 -1.37631 0.7884060000000001 -0.432378 -0.437565 4.10118 0 0 0 1
 -0.496628 0.0155619 0.867822 2.85633 0.599363 0.729325 0.329919 -1.54611 -0.627791 0.683989 -0.371532 5.13143 0 0 0 1
 -0.509984 0.370118 0.776483 2.72069 0.387646 0.904724 -0.176645 -0.7279139999999999 -0.767884 0.210914 -0.604871 4.56721 0 0 0 1
 0.0119754 -0.0520697 0.99857 1.91706 -0.124002 0.990856 0.0531544 -0.598225 -0.992209 -0.124461 0.00540888 3.96765 0 0 0 1
 0.481191 -0.169779 0.860016 1.30008 0.352185 0.935848 -0.0123032 -0.661254 -0.8027570000000001 0.308806 0.510116 4.75871 0 0 0 1
 0.481191 -0.169779 0.860016 1.30008 0.352185 0.935848 -0.0123032 -0.661254 -0.8027570000000001 0.308806 0.510116 4.75871 0 0 0 1
 0.481191 -0.169779 0.860016 1.30008 0.352185 0.935848 -0.0123032 -0.661254 -0.8027570000000001 0.308806 0.510116 4.75871 0 0 0 1
 0.761992 0.266349 -0.590274 1.33297 0.323022 0.633678 0.702928 -0.860777 0.561269 -0.726298 0.396822 3.73673 0 0 0 1
 0.761992 0.266349 -0.590274 1.33297 0.323022 0.633678 0.702928 -0.860777 0.561269 -0.726298 0.396822 3.73673 0 0 0 1
 0.761992 0.266349 -0.590274 1.33297 0.323022 0.633678 0.702928 -0.860777 0.561269 -0.726298 0.396822 3.73673 0 0 0 1
 0.761992 0.266349 -0.590274 1.33297 0.323022 0.633678 0.702928 -0.860777 0.561269 -0.726298 0.396822 3.73673 0 0 0 1
 0.806872 0.06421399999999999 0.5872230000000001 2.07456 -0.517272 0.556875 0.64986 -0.996506 -0.285281 -0.828109 0.482544 4.41213 0 0 0 1
 0.806872 0.06421399999999999 0.5872230000000001 2.07456 -0.517272 0.556875 0.64986 -0.996506 -0.285281 -0.828109 0.482544 4.41213 0 0 0 1
 0.806872 0.06421399999999999 0.5872230000000001 2.07456 -0.517272 0.556875 0.64986 -0.996506 -0.285281 -0.828109 0.482544 4.41213 0 0 0 1
 0.262407 -0.797903 0.542669 2.6991 0.726176 0.533633 0.433475 -1.53024 -0.635459 0.280328 0.719449 5.0443 0 0 0 1
 -0.0360462 -0.909427 0.414294 3.48313 0.159854 0.403979 0.900691 -1.23499 -0.9864810000000001 0.0986937 0.130814 4.48727 0 0 0 1
 -0.0360462 -0.909427 0.414294 3.48313 0.159854 0.403979 0.900691 -1.23499 -0.9864810000000001 0.0986937 0.130814 4.48727 0 0 0 1
 0.433913 -0.799515 -0.41532 2.81921 -0.106763 -0.503359 0.857454 -1.09674 -0.894606 -0.327721 -0.303774 5.23336 0 0 0 1
 0.433913 -0.799515 -0.41532 2.81921 -0.106763 -0.503359 0.857454 -1.09674 -0.894606 -0.327721 -0.303774 5.23336 0 0 0 1
 0.433913 -0.799515 -0.41532 2.81921 -0.106763 -0.503359 0.857454 -1.09674 -0.894606 -0.327721 -0.303774 5.23336 0 0 0 1
 -0.401547 -0.805281 -0.436209 2.93964 -0.265266 -0.353613 0.896989 -0.590239 -0.87658 0.475896 -0.0716222 4.3732 0 0 0 1
 -0.950491 0.0568128 -0.305507 3.10694 0.10492 0.984083 -0.143421 -0.242169 0.292497 -0.168375 -0.941326 3.41518 0 0 0 1
 -0.894572 0.319162 0.312847 2.27019 0.0360804 0.749295 -0.661251 -0.780826 -0.445462 -0.58025 -0.6818149999999999 3.33661 0 0 0 1
 0.80218 0.581767 -0.134347 1.31009 0.593384 -0.751785 0.287595 -1.21732 0.0663136 -0.310423 -0.948282 3.36251 0 0 0 1
 0.455935 0.731943 -0.506339 1.59932 -0.738027 -0.00703798 -0.674732 -0.361067 -0.49743 0.681328 0.536986 3.88995 0 0 0 1
 0.799204 0.257029 -0.543328 1.44187 0.514368 0.175189 0.839482 -1.05035 0.310958 -0.950391 0.0078038 3.11834 0 0 0 1
 0.706676 0.69511 0.132015 1.53451 0.550112 -0.657135 0.515313 -1.88803 0.444953 -0.291537 -0.8467710000000001 2.57356 0 0 0 1
 0.331524 0.837323 -0.434715 1.64058 -0.938537 0.245765 -0.24237 -0.961821 -0.0961051 0.48835 0.8673380000000001 3.05765 0 0 0 1
 -0.160792 -0.932629 -0.323022 1.31079 0.855572 -0.294877 0.42549 -1.94402 -0.492077 -0.207954 0.845348 2.91361 0 0 0 1
 -0.316168 0.627532 -0.711502 1.70199 -0.725021 -0.643522 -0.245398 -0.991035 -0.611865 0.438268 0.6584370000000001 3.10373 0 0 0 1
 -0.316168 0.627532 -0.711502 1.70199 -0.725021 -0.643522 -0.245398 -0.991035 -0.611865 0.438268 0.6584370000000001 3.10373 0 0 0 1
 0.149177 -0.952334 0.266085 0.892521 0.246676 0.296432 0.922646 -1.19449 -0.957546 -0.072001 0.27914 3.69702 0 0 0 1
 0.0701799 -0.548388 0.833271 1.66781 0.6343529999999999 0.669205 0.386985 -1.25419 -0.769849 0.501431 0.394837 3.0585 0 0 0 1
 0.334628 -0.7174739999999999 0.610942 0.693764 0.833226 0.528106 0.163813 -1.50469 -0.440175 0.454238 0.774539 3.13571 0 0 0 1
 -0.964645 0.238016 -0.113153 1.63662 0.222754 0.506912 -0.832717 -1.25078 -0.140842 -0.828484 -0.542011 2.76282 0 0 0 1
 -0.964645 0.238016 -0.113153 1.63662 0.222754 0.506912 -0.832717 -1.25078 -0.140842 -0.828484 -0.542011 2.76282 0 0 0 1
 -0.964645 0.238016 -0.113153 1.63662 0.222754 0.506912 -0.832717 -1.25078 -0.140842 -0.828484 -0.542011 2.76282 0 0 0 1
 -0.964645 0.238016 -0.113153 1.63662 0.222754 0.506912 -0.832717 -1.25078 -0.140842 -0.828484 -0.542011 2.76282 0 0 0 1
 -0.964645 0.238016 -0.113153 1.63662 0.222754 0.506912 -0.832717 -1.25078 -0.140842 -0.828484 -0.542011 2.76282 0 0 0 1
 -0.73476 0.625516 -0.262396 1.08226 0.51352 0.260198 -0.817674 -1.8105 -0.443194 -0.735542 -0.5124 3.40256 0 0 0 1
 -0.73476 0.625516 -0.262396 1.08226 0.51352 0.260198 -0.817674 -1.8105 -0.443194 -0.735542 -0.5124 3.40256 0 0 0 1
 -0.686495 0.726975 0.0150936 0.132723 0.123974 0.137472 -0.982715 -1.66729 -0.716486 -0.672759 -0.1845 3.1212 0 0 0 1
 0.126503 0.381128 0.915824 -0.868869 -0.783307 0.604839 -0.143512 -1.79669 -0.608625 -0.699218 0.375055 2.96708 0 0 0 1
 0.126503 0.381128 0.915824 -0.868869 -0.783307 0.604839 -0.143512 -1.79669 -0.608625 -0.699218 0.375055 2.96708 0 0 0 1
 -0.368185 0.353364 -0.859981 -0.2027 0.652837 -0.560329 -0.509736 -2.52731 -0.6619969999999999 -0.749108 -0.0243852 2.64122 0 0 0 1
 -0.388156 0.494614 -0.777616 0.52538 0.829312 0.555482 -0.0606368 -3.21822 0.401961 -0.668425 -0.6258049999999999 2.58886 0 0 0 1
 -0.396668 0.539498 -0.742691 1.35751 0.793292 0.608561 0.0183722 -3.45779 0.461886 -0.581885 -0.669378 2.08697 0 0 0 1
 -0.282095 0.733675 -0.618173 0.690433 0.95742 0.174074 -0.230306 -2.88977 -0.0613622 -0.656821 -0.751543 2.5838 0 0 0 1
 0.104628 0.98375 -0.145883 0.0382677 0.590507 0.0565778 0.805044 -2.31254 0.800219 -0.170375 -0.574994 3.0766 0 0 0 1
 0.405093 -0.835775 0.370641 -0.582902 -0.678945 -0.546499 -0.490274 -1.63576 0.6123150000000001 -0.0530387 -0.7888309999999999 3.55248 0 0 0 1
 0.308046 -0.57395 0.758738 0.398676 -0.915743 -0.395086 0.072924 -1.81056 0.257913 -0.717275 -0.647298 3.66009 0 0 0 1
 -0.271 0.115367 -0.955638 1.33977 0.0817988 0.991958 0.09655619999999999 -2.06606 0.9590959999999999 -0.0520031 -0.278259 3.95239 0 0 0 1
 -0.85167 0.235335 -0.468264 2.00522 0.0662421 0.934678 0.349264 -1.46124 0.519871 0.26644 -0.811629 3.502 0 0 0 1
 -0.85167 0.235335 -0.468264 2.00522 0.0662421 0.934678 0.349264 -1.46124 0.519871 0.26644 -0.811629 3.502 0 0 0 1
 -0.961363 -0.0215457 0.274432 2.67602 -0.27498 0.121356 -0.953758 -0.717411 -0.0127552 -0.992374 -0.122592 3.39001 0 0 0 1
 0.639424 0.5907019999999999 0.492142 1.9361 0.198252 0.491778 -0.847848 -0.9770180000000001 -0.742852 0.639705 0.197347 4.09435 0 0 0 1
 -0.0929064 -0.0914813 -0.991461 2.12475 0.780956 0.610998 -0.129556 -1.66576 0.617635 -0.786326 0.0146761 3.3281 0 0 0 1
 0.18895 0.442167 -0.876802 1.72382 0.945632 0.158766 0.283849 -1.79358 0.264716 -0.8827660000000001 -0.388131 4.25072 0 0 0 1
 0.413159 -0.59671 -0.687918 1.30837 0.220008 -0.667625 0.711244 -1.94872 -0.88368 -0.445207 -0.144556 5.1824 0 0 0 1
 0.413159 -0.59671 -0.687918 1.30837 0.220008 -0.667625 0.711244 -1.94872 -0.88368 -0.445207 -0.144556 5.1824 0 0 0 1
 0.413159 -0.59671 -0.687918 1.30837 0.220008 -0.667625 0.711244 -1.94872 -0.88368 -0.445207 -0.144556 5.1824 0 0 0 1
 0.413159 -0.59671 -0.687918 1.30837 0.220008 -0.667625 0.711244 -1.94872 -0.88368 -0.445207 -0.144556 5.1824 0 0 0 1
 -0.406223 0.0806246 -0.910207 2.08849 -0.371576 -0.924597 0.08393539999999999 -1.31262 -0.834811 0.372308 0.405551 4.95835 0 0 0 1
 -0.406223 0.0806246 -0.910207 2.08849 -0.371576 -0.924597 0.08393539999999999 -1.31262 -0.834811 0.372308 0.405551 4.95835 0 0 0 1
 -0.406223 0.0806246 -0.910207 2.08849 -0.371576 -0.924597 0.08393539999999999 -1.31262 -0.834811 0.372308 0.405551 4.95835 0 0 0 1
 -0.492394 0.113117 -0.8629869999999999 1.53311 -0.376283 -0.921733 0.0938795 -1.8305 -0.784828 0.370954 0.496421 4.30856 0 0 0 1
 -0.919763 0.0644493 0.38714 1.4416 0.0143827 -0.980225 0.19735 -2.10769 0.392203 0.187083 0.900651 3.31314 0 0 0 1
 -0.919763 0.0644493 0.38714 1.4416 0.0143827 -0.980225 0.19735 -2.10769 0.392203 0.187083 0.900651 3.31314 0 0 0 1
 -0.919763 0.0644493 0.38714 1.4416 0.0143827 -0.980225 0.19735 -2.10769 0.392203 0.187083 0.900651 3.31314 0 0 0 1
 -0.954958 -0.28811 0.0710081 1.14887 0.16896 -0.724673 -0.668054 -1.39582 0.24393 -0.625969 0.740713 3.9502 0 0 0 1
 -0.793001 0.366086 0.486956 0.651269 0.484904 0.863166 0.140741 -0.61599 -0.368802 0.347736 -0.862009 4.33709 0 0 0 1
 0.275089 -0.948802 0.155225 -0.255962 0.278986 -0.07572619999999999 -0.957302 -0.817315 0.920048 0.306648 0.243871 3.85581 0 0 0 1
 0.0224574 -0.272395 -0.96192 0.630638 0.843179 0.522126 -0.128168 -0.488629 0.537158 -0.808195 0.241404 4.19736 0 0 0 1
 -0.143032 -0.398542 -0.905925 0.842701 0.39645 0.815621 -0.421407 -0.532452 0.906843 -0.41943 0.0413411 3.20946 0 0 0 1
 0.460958 -0.312006 0.830762 0.848098 0.753552 0.632049 -0.180743 -0.783988 -0.468689 0.7093390000000001 0.526463 4.22327 0 0 0 1
 0.73761 -0.469949 0.484844 0.327001 0.396442 0.88267 0.252429 -0.923438 -0.546587 0.00601938 0.837377 5.07066 0 0 0 1
 0.73761 -0.469949 0.484844 0.327001 0.396442 0.88267 0.252429 -0.923438 -0.546587 0.00601938 0.837377 5.07066 0 0 0 1
 0.952314 0.206858 0.224281 0.778158 -0.0295088 0.794075 -0.607097 -1.27448 -0.303679 0.571532 0.762315 4.25227 0 0 0 1
 0.32718 0.681839 0.65425 1.31656 0.9269269999999999 -0.366181 -0.0819211 -2.14373 0.183719 0.633248 -0.751824 4.07157 0 0 0 1
 0.998256 0.00433207 -0.0588282 0.999633 0.0545664 -0.446572 0.893079 -1.2217 -0.0224009 -0.894734 -0.44603 3.7433 0 0 0 1
 0.294873 0.782784 -0.547991 1.73947 0.140431 -0.602766 -0.78546 -1.21984 -0.9451580000000001 0.154657 -0.287668 4.46927 0 0 0 1
 0.294873 0.782784 -0.547991 1.73947 0.140431 -0.602766 -0.78546 -1.21984 -0.9451580000000001 0.154657 -0.287668 4.46927 0 0 0 1
 0.245935 0.909273 0.335757 1.13715 0.916401 -0.10527 -0.386164 -1.15737 -0.315783 0.402661 -0.859151 3.65742 0 0 0 1
 0.245935 0.909273 0.335757 1.13715 0.916401 -0.10527 -0.386164 -1.15737 -0.315783 0.402661 -0.859151 3.65742 0 0 0 1
 0.6730930000000001 -0.734165 -0.08911520000000001 1.38501 -0.146442 -0.250421 0.956994 -1.45479 -0.7249100000000001 -0.631099 -0.27607 4.5763 0 0 0 1
 0.530688 -0.6697689999999999 -0.519396 1.03712 0.7598819999999999 0.104543 0.641595 -1.95333 -0.375422 -0.73517 0.564427 3.75628 0 0 0 1
 0.536658 -0.829183 -0.156359 1.26295 -0.5819569999999999 -0.497895 0.642978 -1.14991 -0.610998 -0.254066 -0.7497509999999999 4.371 0 0 0 1
 -0.779375 0.568311 0.2638 2.10005 -0.547895 -0.413942 -0.72695 -0.792946 -0.303937 -0.711104 0.6339939999999999 3.87168 0 0 0 1
 0.425387 -0.854409 -0.298372 1.29047 -0.463483 -0.488844 0.739059 -1.1329 -0.777318 -0.176097 -0.603954 4.4268 0 0 0 1
 -0.5961689999999999 0.135134 -0.791401 1.97288 0.718958 -0.348852 -0.601162 -1.6513 -0.357321 -0.927381 0.110818 3.82546 0 0 0 1
 0.254188 -0.394242 0.88315 1.44276 -0.4215 0.776705 0.468038 -0.9303169999999999 -0.870471 -0.491221 0.0312574 4.36871 0 0 0 1
 -0.914482 -0.402623 -0.0401301 1.90163 0.340414 -0.711965 -0.6141799999999999 -1.77412 0.218712 -0.5753200000000001 0.788141 3.94699 0 0 0 1
 -0.914482 -0.402623 -0.0401301 1.90163 0.340414 -0.711965 -0.6141799999999999 -1.77412 0.218712 -0.5753200000000001 0.788141 3.94699 0 0 0 1
 -0.548464 0.372272 -0.748729 1.57472 0.60976 -0.434648 -0.662772 -0.868362 -0.572168 -0.8200539999999999 0.0113914 4.22606 0 0 0 1
 -0.529075 0.69496 0.486933 0.575101 0.6827569999999999 0.689381 -0.242054 -0.907576 -0.503903 0.204394 -0.839226 4.24929 0 0 0 1
 0.0196642 0.979835 0.19882 0.573766 0.9039160000000001 0.067554 -0.422333 -1.74305 -0.42725 0.188024 -0.884364 4.80701 0 0 0 1
 0.919654 -0.294913 0.259339 -0.273112 -0.190308 -0.912305 -0.362596 -1.3646 0.343533 0.284109 -0.895132 4.32289 0 0 0 1
 0.919654 -0.294913 0.259339 -0.273112 -0.190308 -0.912305 -0.362596 -1.3646 0.343533 0.284109 -0.895132 4.32289 0 0 0 1
 0.919654 -0.294913 0.259339 -0.273112 -0.190308 -0.912305 -0.362596 -1.3646 0.343533 0.284109 -0.895132 4.32289 0 0 0 1
 0.919654 -0.294913 0.259339 -0.273112 -0.190308 -0.912305 -0.362596 -1.3646 0.343533 0.284109 -0.895132 4.32289 0 0 0 1
 0.919654 -0.294913 0.259339 -0.273112 -0.190308 -0.912305 -0.362596 -1.3646 0.343533 0.284109 -0.895132 4.32289 0 0 0 1
 0.919654 -0.294913 0.259339 -0.273112 -0.190308 -0.912305 -0.362596 -1.3646 0.343533 0.284109 -0.895132 4.32289 0 0 0 1
 0.919654 -0.294913 0.259339 -0.273112 -0.190308 -0.912305 -0.362596 -1.3646 0.343533 0.284109 -0.895132 4.32289 0 0 0 1
 0.721329 -0.302869 0.622854 0.721183 -0.681 -0.146333 0.717509 -1.26765 -0.126167 -0.941728 -0.311809 4.20687 0 0 0 1
 0.78532 0.350788 0.510112 1.54793 -0.0706261 -0.767833 0.63674 -1.8045 0.615045 -0.5360740000000001 -0.578221 4.39852 0 0 0 1
 0.795539 0.525046 0.302385 0.634698 0.240067 -0.731371 0.638323 -1.85488 0.556308 -0.43522 -0.707884 3.99462 0 0 0 1
 0.795539 0.525046 0.302385 0.634698 0.240067 -0.731371 0.638323 -1.85488 0.556308 -0.43522 -0.707884 3.99462 0 0 0 1
 0.9426870000000001 0.07498589999999999 -0.325134 0.962291 0.324937 -0.427751 0.843468 -0.965002 -0.0758276 -0.900778 -0.427603 4.31931 0 0 0 1
 0.9426870000000001 0.07498589999999999 -0.325134 0.962291 0.324937 -0.427751 0.843468 -0.965002 -0.0758276 -0.900778 -0.427603 4.31931 0 0 0 1
 0.68606 0.656956 0.312607 1.08917 0.390348 -0.694978 0.603844 0.0201015 0.613957 -0.292248 -0.733241 4.40425 0 0 0 1
 0.49762 0.751395 0.433329 1.19286 -0.510049 0.657558 -0.554492 1.01262 -0.701584 0.0549077 0.710465 4.69438 0 0 0 1
 0.222903 0.900442 0.373513 1.12896 -0.256616 0.423836 -0.868622 0.0364498 -0.940455 0.0977696 0.325544 4.46245 0 0 0 1
 0.222903 0.900442 0.373513 1.12896 -0.256616 0.423836 -0.868622 0.0364498 -0.940455 0.0977696 0.325544 4.46245 0 0 0 1
 0.902629 0.358678 0.237918 1.03502 -0.29676 0.91899 -0.259584 0.240672 -0.311752 0.163704 0.935952 3.46626 0 0 0 1
 -0.185281 0.249982 -0.950354 1.57526 0.970731 -0.103812 -0.216558 -0.6613329999999999 -0.152795 -0.962666 -0.223432 3.49012 0 0 0 1
 0.442174 -0.696336 -0.565323 0.876618 0.66057 -0.173535 0.730429 -0.0336118 -0.606729 -0.696415 0.383247 3.90105 0 0 0 1
 -0.885022 -0.465186 -0.0181653 1.32639 -0.457002 0.875572 -0.156572 0.889196 0.0887399 -0.130269 -0.987496 4.09446 0 0 0 1
 -0.885022 -0.465186 -0.0181653 1.32639 -0.457002 0.875572 -0.156572 0.889196 0.0887399 -0.130269 -0.987496 4.09446 0 0 0 1
 -0.296222 -0.350319 -0.888551 0.923383 -0.701166 0.71146 -0.0467441 -0.02594 0.648546 0.6091760000000001 -0.456384 4.0525 0 0 0 1
 -0.419733 -0.712919 -0.561751 0.618488 0.565208 0.278965 -0.776345 -1.01528 0.710182 -0.643366 0.285857 4.10262 0 0 0 1
 0.0649584 -0.219464 -0.973452 0.115795 0.582085 0.800687 -0.141669 -0.690719 0.8105250000000001 -0.557432 0.179758 4.90972 0 0 0 1
 0.0649584 -0.219464 -0.973452 0.115795 0.582085 0.800687 -0.141669 -0.690719 0.8105250000000001 -0.557432 0.179758 4.90972 0 0 0 1
 0.617506 0.504461 0.603487 -0.0634754 0.443355 0.410515 -0.796811 -0.891367 -0.649703 0.759598 0.0298406 5.92125 0 0 0 1
 0.617506 0.504461 0.603487 -0.0634754 0.443355 0.410515 -0.796811 -0.891367 -0.649703 0.759598 0.0298406 5.92125 0 0 0 1
 0.9102479999999999 0.08622730000000001 0.404977 0.65323 0.388291 0.161842 -0.90721 -0.921423 -0.143769 0.983039 0.113836 5.21866 0 0 0 1
 0.603229 -0.718686 -0.345829 1.63722 0.691616 0.25542 0.675589 -1.02089 -0.397207 -0.646719 0.651134 5.02108 0 0 0 1
 0.603229 -0.718686 -0.345829 1.63722 0.691616 0.25542 0.675589 -1.02089 -0.397207 -0.646719 0.651134 5.02108 0 0 0 1
 0.603229 -0.718686 -0.345829 1.63722 0.691616 0.25542 0.675589 -1.02089 -0.397207 -0.646719 0.651134 5.02108 0 0 0 1
 0.36642 -0.890862 -0.268502 2.44216 0.912765 0.288181 0.289489 -0.4832 -0.180518 -0.351156 0.918747 5.27372 0 0 0 1
 0.36642 -0.890862 -0.268502 2.44216 0.912765 0.288181 0.289489 -0.4832 -0.180518 -0.351156 0.918747 5.27372 0 0 0 1
 0.0199662 -0.707414 0.706511 3.32836 0.9420539999999999 0.249989 0.223682 -0.00330463 -0.334857 0.661108 0.671417 5.32785 0 0 0 1
 -0.22846 -0.722186 0.652875 3.90129 0.972622 -0.198597 0.120664 0.8105520000000001 0.0425176 0.66257 0.747788 5.18854 0 0 0 1
 -0.22846 -0.722186 0.652875 3.90129 0.972622 -0.198597 0.120664 0.8105520000000001 0.0425176 0.66257 0.747788 5.18854 0 0 0 1
 -0.790021 0.191203 0.582495 4.29049 -0.564565 0.143506 -0.812813 1.63121 -0.239005 -0.9709989999999999 -0.0054266 4.68116 0 0 0 1
 -0.790021 0.191203 0.582495 4.29049 -0.564565 0.143506 -0.812813 1.63121 -0.239005 -0.9709989999999999 -0.0054266 4.68116 0 0 0 1
 -0.790021 0.191203 0.582495 4.29049 -0.564565 0.143506 -0.812813 1.63121 -0.239005 -0.9709989999999999 -0.0054266 4.68116 0 0 0 1
 0.173585 -0.7692020000000001 0.614971 3.57554 -0.295293 0.555067 0.777621 1.05608 -0.9395019999999999 -0.316582 -0.130789 5.16214 0 0 0 1
 0.485613 -0.8270650000000001 -0.283083 2.61753 -0.43288 -0.508849 0.744097 1.11034 -0.759466 -0.238804 -0.6051260000000001 5.46966 0 0 0 1
 0.771548 -0.588626 -0.241299 2.12948 -0.0727213 -0.458418 0.885752 1.13773 -0.631995 -0.665856 -0.396499 6.34223 0 0 0 1
 0.771548 -0.588626 -0.241299 2.12948 -0.0727213 -0.458418 0.885752 1.13773 -0.631995 -0.665856 -0.396499 6.34223 0 0 0 1
 0.771548 -0.588626 -0.241299 2.12948 -0.0727213 -0.458418 0.885752 1.13773 -0.631995 -0.665856 -0.396499 6.34223 0 0 0 1
 0.8311809999999999 -0.5369119999999999 0.14441 1.1315 -0.331192 -0.269495 0.904255 1.18386 -0.446589 -0.799432 -0.401822 6.41611 0 0 0 1
 -0.5532010000000001 -0.286319 -0.782292 2.15809 -0.000811651 -0.9388879999999999 0.344211 1.04421 -0.833043 0.191054 0.519164 6.55801 0 0 0 1
 0.26139 -0.44109 0.858549 1.29173 -0.550973 -0.798508 -0.242499 1.42538 0.792526 -0.409652 -0.451753 6.10595 0 0 0 1
 -0.968373 0.114139 0.221848 1.95469 0.180465 0.934455 0.306953 1.06097 -0.172273 0.337282 -0.925503 6.83869 0 0 0 1
 0.817866 -0.0245544 0.5748760000000001 0.946196 -0.0982856 -0.990364 0.097524 1.28418 0.566945 -0.136264 -0.812403 6.60104 0 0 0 1
 0.817866 -0.0245544 0.5748760000000001 0.946196 -0.0982856 -0.990364 0.097524 1.28418 0.566945 -0.136264 -0.812403 6.60104 0 0 0 1
 0.158554 0.671949 0.723419 1.45028 -0.343901 0.724391 -0.597481 1.80568 -0.925519 -0.154052 0.345942 7.35701 0 0 0 1
 0.574733 -0.567682 -0.589415 0.977593 0.771038 0.616969 0.157616 1.20043 0.274177 -0.545052 0.7923 6.63827 0 0 0 1
 0.88467 0.411444 -0.219234 0.177205 -0.119338 0.65443 0.746641 1.08061 0.450677 -0.634372 0.628058 6.03926 0 0 0 1
 0.84265 0.396271 0.364557 0.655926 -0.537961 0.590519 0.601564 0.44653 0.0231052 -0.703029 0.710782 6.64686 0 0 0 1
 0.84265 0.396271 0.364557 0.655926 -0.537961 0.590519 0.601564 0.44653 0.0231052 -0.703029 0.710782 6.64686 0 0 0 1
 0.84265 0.396271 0.364557 0.655926 -0.537961 0.590519 0.601564 0.44653 0.0231052 -0.703029 0.710782 6.64686 0 0 0 1
 0.84265 0.396271 0.364557 0.655926 -0.537961 0.590519 0.601564 0.44653 0.0231052 -0.703029 0.710782 6.64686 0 0 0 1
 0.84265 0.396271 0.364557 0.655926 -0.537961 0.590519 0.601564 0.44653 0.0231052 -0.703029 0.710782 6.64686 0 0 0 1
 0.38669 -0.338906 0.857674 0.356455 -0.760619 -0.6430900000000001 0.0888152 0.574699 0.521465 -0.68671 -0.506457 5.68969 0 0 0 1
 0.38669 -0.338906 0.857674 0.356455 -0.760619 -0.6430900000000001 0.0888152 0.574699 0.521465 -0.68671 -0.506457 5.68969 0 0 0 1
 0.38669 -0.338906 0.857674 0.356455 -0.760619 -0.6430900000000001 0.0888152 0.574699 0.521465 -0.68671 -0.506457 5.68969 0 0 0 1
 0.38669 -0.338906 0.857674 0.356455 -0.760619 -0.6430900000000001 0.0888152 0.574699 0.521465 -0.68671 -0.506457 5.68969 0 0 0 1
 0.38669 -0.338906 0.857674 0.356455 -0.760619 -0.6430900000000001 0.0888152 0.574699 0.521465 -0.68671 -0.506457 5.68969 0 0 0 1
 0.38669 -0.338906 0.857674 0.356455 -0.760619 -0.6430900000000001 0.0888152 0.574699 0.521465 -0.68671 -0.506457 5.68969 0 0 0 1
 0.38669 -0.338906 0.857674 0.356455 -0.760619 -0.6430900000000001 0.0888152 0.574699 0.521465 -0.68671 -0.506457 5.68969 0 0 0 1
 0.38669 -0.338906 0.857674 0.356455 -0.760619 -0.6430900000000001 0.0888152 0.574699 0.521465 -0.68671 -0.506457 5.68969 0 0 0 1
 0.626564 -0.13599 0.767409 1.04064 -0.767887 -0.276102 0.578023 0.46422 0.133279 -0.951456 -0.277422 6.4154 0 0 0 1
 0.626564 -0.13599 0.767409 1.04064 -0.767887 -0.276102 0.578023 0.46422 0.133279 -0.951456 -0.277422 6.4154 0 0 0 1
 0.626564 -0.13599 0.767409 1.04064 -0.767887 -0.276102 0.578023 0.46422 0.133279 -0.951456 -0.277422 6.4154 0 0 0 1
 0.957225 0.197814 0.211145 1.32954 -0.259513 0.909674 0.324252 0.0365913 -0.127932 -0.365179 0.922103 7.28418 0 0 0 1
 0.347861 0.876084 0.333859 1.75378 0.931045 -0.364657 -0.0131992 -0.893568 0.11018 0.315431 -0.942528 7.47666 0 0 0 1
 0.347861 0.876084 0.333859 1.75378 0.931045 -0.364657 -0.0131992 -0.893568 0.11018 0.315431 -0.942528 7.47666 0 0 0 1
 0.347861 0.876084 0.333859 1.75378 0.931045 -0.364657 -0.0131992 -0.893568 0.11018 0.315431 -0.942528 7.47666 0 0 0 1
 0.347861 0.876084 0.333859 1.75378 0.931045 -0.364657 -0.0131992 -0.893568 0.11018 0.315431 -0.942528 7.47666 0 0 0 1
 -0.309169 0.26869 0.912257 1.44454 0.897543 -0.234654 0.373293 -0.0710687 0.314365 0.934205 -0.168614 7.0049 0 0 0 1
 0.106042 0.33378 -0.9366640000000001 1.58732 0.739196 0.603587 0.298776 -0.911054 0.665086 -0.724064 -0.182724 7.50409 0 0 0 1
 0.617072 0.780577 0.0995707 1.10924 0.243596 -0.06917139999999999 -0.967404 -0.707149 -0.7482490000000001 0.621216 -0.232829 8.41536 0 0 0 1
 0.754498 0.433114 0.49309 1.06153 -0.0563349 -0.705809 0.706155 -0.885749 0.653876 -0.560572 -0.508134 7.3897 0 0 0 1
 0.851419 0.405893 0.332158 0.890926 0.0231304 0.60363 -0.796926 -0.8567399999999999 -0.52397 0.686203 0.504556 8.412319999999999 0 0 0 1
 0.103102 -0.510287 -0.853797 1.34889 0.987518 0.155249 0.026466 -1.35755 0.119045 -0.845873 0.519926 7.62359 0 0 0 1
 -0.279341 0.834081 0.475678 1.6148 0.862114 0.435984 -0.25821 -0.7639 -0.422759 0.337961 -0.840865 8.408300000000001 0 0 0 1
 0.741834 -0.0225293 0.6702 0.659564 -0.463185 0.705496 0.536404 -0.411126 -0.48491 -0.708353 0.5129280000000001 8.183020000000001 0 0 0 1
 -0.37798 -0.835632 -0.398551 1.50585 -0.605833 -0.102266 0.788988 -0.986801 -0.700065 0.53968 -0.467602 8.263030000000001 0 0 0 1
 -0.215851 0.671964 0.7084240000000001 1.54851 -0.9515940000000001 0.0177998 -0.306831 -1.56551 -0.21879 -0.740366 0.635598 7.44092 0 0 0 1
 0.362558 0.417537 -0.83319 1.38041 0.916737 -0.320693 0.238208 -2.59014 -0.167739 -0.850185 -0.499044 7.64933 0 0 0 1
 0.743109 0.349449 -0.570673 0.519167 0.621577 -0.0446183 0.7820780000000001 -2.27218 0.247835 -0.93589 -0.250367 7.20805 0 0 0 1
 0.743109 0.349449 -0.570673 0.519167 0.621577 -0.0446183 0.7820780000000001 -2.27218 0.247835 -0.93589 -0.250367 7.20805 0 0 0 1
 0.825109 0.562633 -0.0513067 0.8596510000000001 0.383273 -0.490725 0.782486 -1.70781 0.415076 -0.665303 -0.620547 7.95927 0 0 0 1
 0.81442 0.5359660000000001 -0.222382 1.43682 0.5722739999999999 -0.678486 0.460601 -1.58768 0.0959831 -0.5023879999999999 -0.8592959999999999 8.77643 0 0 0 1
 0.186025 0.5527609999999999 0.812306 1.34798 0.776291 -0.589476 0.223348 -0.632255 0.6022960000000001 0.589041 -0.538764 8.509370000000001 0 0 0 1
 0.9331469999999999 0.332716 0.136125 1.34416 -0.317044 0.940181 -0.124645 0.363953 -0.169455 0.0731535 0.9828170000000001 8.257820000000001 0 0 0 1
 0.008189699999999999 -0.259221 0.96578 1.77154 0.984559 -0.166784 -0.0531178 -0.589048 0.174846 0.951306 0.253853 8.15075 0 0 0 1
 0.008189699999999999 -0.259221 0.96578 1.77154 0.984559 -0.166784 -0.0531178 -0.589048 0.174846 0.951306 0.253853 8.15075 0 0 0 1
 0.741744 -0.314558 0.592336 1.50171 0.619788 0.658955 -0.426188 0.346718 -0.256263 0.683248 0.683738 7.87167 0 0 0 1
 0.534649 -0.0893751 0.8403310000000001 2.0311 0.746073 0.516933 -0.419702 0.821557 -0.396886 0.851345 0.34306 7.17099 0 0 0 1
 0.195586 -0.790446 0.580461 2.75619 0.606925 0.562489 0.561465 0.793867 -0.7703140000000001 0.242482 0.589758 6.48372 0 0 0 1
 0.195153 -0.781277 0.5928870000000001 3.23255 0.704949 0.532025 0.469032 0.799525 -0.681878 0.326423 0.654589 5.60178 0 0 0 1
 0.156403 -0.319388 0.934624 3.92909 0.907413 0.420153 -0.008273839999999999 1.24795 -0.390045 0.849387 0.355531 5.03623 0 0 0 1
 0.156403 -0.319388 0.934624 3.92909 0.907413 0.420153 -0.008273839999999999 1.24795 -0.390045 0.849387 0.355531 5.03623 0 0 0 1
 -0.8926809999999999 0.0153037 -0.450422 4.75457 0.447749 0.143991 -0.882486 1.60084 0.0513512 -0.989459 -0.13539 4.51409 0 0 0 1
 -0.888732 0.410419 -0.204213 3.92099 0.38074 0.412739 -0.827453 1.60082 -0.255317 -0.813141 -0.523078 5.07611 0 0 0 1
 -0.642543 0.650935 0.404245 2.97329 0.387382 0.731136 -0.561577 1.26462 -0.661112 -0.204243 -0.721949 5.14657 0 0 0 1
 0.9785700000000001 -0.151653 0.139267 1.9283 -0.0185404 0.608748 0.793143 1.17936 -0.205062 -0.778732 0.592892 5.17997 0 0 0 1
 0.347377 -0.790535 0.504358 2.69072 0.880123 0.460464 0.115545 0.959497 -0.323583 0.40376 0.855725 5.82528 0 0 0 1
 -0.0317716 0.532429 -0.845874 3.41454 0.461698 0.758414 0.46004 1.16717 0.886464 -0.375925 -0.269919 5.11162 0 0 0 1
 0.917547 0.219471 0.331561 2.92557 -0.00446638 0.839497 -0.54334 1.71605 -0.397593 0.49706 0.771263 5.86188 0 0 0 1
 0.660443 0.228981 -0.715105 2.6349 -0.632935 -0.342622 -0.69426 2.2403 -0.403984 0.911139 -0.0813514 6.67199 0 0 0 1
 0.864494 0.442783 0.237878 2.84851 -0.317873 0.115006 0.941129 1.88465 0.389361 -0.889219 0.24017 5.73407 0 0 0 1
 -0.18096 0.733969 -0.654626 3.22221 0.527467 -0.48936 -0.694477 1.72514 -0.830077 -0.470967 -0.29859 6.70307 0 0 0 1
 -0.09726319999999999 -0.965642 0.240972 2.63492 -0.993189 0.10977 0.0389899 2.57636 -0.0641005 -0.235539 -0.969745 6.56264 0 0 0 1
 -0.551849 0.808742 -0.203449 3.11329 0.0259498 -0.227193 -0.9735009999999999 1.80792 -0.8335360000000001 -0.542507 0.104392 7.07907 0 0 0 1
 0.858768 -0.114202 -0.499467 2.18565 -0.440934 -0.661208 -0.606939 1.52276 -0.260938 0.741456 -0.618181 7.42301 0 0 0 1
 0.165765 0.938931 0.301533 2.80258 0.944028 -0.239506 0.22681 1.29814 0.285177 0.24706 -0.926083 6.62272 0 0 0 1
 0.014742 0.920188 0.391189 2.25816 0.782679 -0.254091 0.568194 2.1385 0.622244 0.2978 -0.723962 6.63653 0 0 0 1
 -0.127508 0.591722 0.7959889999999999 1.55357 0.552332 -0.624224 0.552509 2.75582 0.82381 0.510103 -0.247235 6.98403 0 0 0 1
 -0.127508 0.591722 0.7959889999999999 1.55357 0.552332 -0.624224 0.552509 2.75582 0.82381 0.510103 -0.247235 6.98403 0 0 0 1
 -0.295436 0.669167 0.681854 2.2774 0.442326 -0.536801 0.718461 2.12177 0.846793 0.513864 -0.137402 6.70524 0 0 0 1
 0.8131080000000001 -0.416894 -0.40626 1.57008 -0.252711 0.375908 -0.891529 2.86333 0.5243910000000001 0.827579 0.200302 6.89094 0 0 0 1
 0.198787 -0.638418 -0.743571 2.49944 -0.614479 0.509866 -0.602035 2.63986 0.763476 0.576587 -0.29094 6.54246 0 0 0 1
 -0.36361 -0.121684 -0.923566 3.47433 -0.9045840000000001 -0.190684 0.381263 2.70993 -0.222502 0.974078 -0.040739 6.29005 0 0 0 1
 -0.639592 -0.441575 0.629227 3.77453 -0.509501 0.856442 0.08313 3.27044 -0.575605 -0.267425 -0.772759 7.06684 0 0 0 1
 -0.639592 -0.441575 0.629227 3.77453 -0.509501 0.856442 0.08313 3.27044 -0.575605 -0.267425 -0.772759 7.06684 0 0 0 1
 -0.639592 -0.441575 0.629227 3.77453 -0.509501 0.856442 0.08313 3.27044 -0.575605 -0.267425 -0.772759 7.06684 0 0 0 1
 -0.5659419999999999 -0.621023 -0.542248 3.61457 0.780984 -0.614555 -0.111272 2.24984 -0.264141 -0.486461 0.832815 6.93227 0 0 0 1
 0.635625 -0.654197 0.409879 3.34462 0.513005 0.754688 0.408983 1.28755 -0.576889 -0.0496908 0.815306 6.89157 0 0 0 1
 0.222777 0.836694 0.500306 3.95148 0.922964 -0.346246 0.168066 0.722262 0.313848 0.424324 -0.849378 6.27827 0 0 0 1
 0.108829 -0.443737 0.88952 4.26863 0.930883 -0.268421 -0.247794 0.0906111 0.348721 0.85501 0.383857 6.98598 0 0 0 1
 0.157758 0.952775 -0.25947 4.74041 -0.432963 0.302894 0.8489950000000001 0.894011 0.887497 -0.0215963 0.460301 6.52357 0 0 0 1
 0.9402239999999999 -0.289124 -0.179942 4.27736 -0.338947 -0.743303 -0.576724 0.693339 0.0329933 0.603243 -0.796871 7.42781 0 0 0 1
 -0.950935 -0.173745 0.255983 5.05803 0.252359 -0.91426 0.31692 0.149092 0.178973 0.365972 0.913251 6.97243 0 0 0 1
 -0.888977 -0.298642 -0.347169 5.83031 0.429983 -0.283476 -0.857176 -0.359348 0.157576 -0.911289 0.380417 6.58883 0 0 0 1
 0.738689 -0.212816 0.639563 4.9558 0.239004 0.969893 0.0466822 -0.348761 -0.6302450000000001 0.118374 0.767315 7.18097 0 0 0 1
 -0.921906 -0.200224 -0.33165 5.88258 0.209378 0.46277 -0.861394 -0.323169 0.325951 -0.863567 -0.384708 6.66705 0 0 0 1
 0.501273 -0.663066 -0.555932 4.98446 0.864226 0.351894 0.359552 -0.769627 -0.0427792 -0.660687 0.749437 6.97875 0 0 0 1
 0.510813 0.652405 -0.559848 5.15025 -0.578137 -0.221279 -0.785358 0.0769977 -0.636256 0.724842 0.26415 7.57236 0 0 0 1
 0.510813 0.652405 -0.559848 5.15025 -0.578137 -0.221279 -0.785358 0.0769977 -0.636256 0.724842 0.26415 7.57236 0 0 0 1
 0.195458 0.292443 -0.936091 5.64532 -0.870752 0.490892 -0.0284532 0.959091 0.451201 0.820666 0.350596 7.59124 0 0 0 1
 -0.417382 -0.645551 -0.6395690000000001 5.02979 -0.295755 0.7619899999999999 -0.576103 0.168727 0.859253 -0.0512997 -0.508966 7.54794 0 0 0 1
 -0.605471 -0.585237 -0.539346 5.4802 -0.200253 -0.543852 0.814934 -0.498958 -0.7702560000000001 0.601428 0.212092 8.20049 0 0 0 1
 -0.0157135 0.150389 0.988498 5.14832 -0.994846 -0.101365 -0.00039506 0.137065 0.100141 -0.983413 0.151206 7.44555 0 0 0 1
 0.80211 0.544988 0.244129 5.35158 -0.560573 0.546244 0.622389 -0.4767 0.205841 -0.63608 0.743656 8.20866 0 0 0 1


