# Created by Octave 4.0.0, Tue Jul 12 17:21:43 2016 BRT <anaritapereira@lasi-xps>
# name: pose_6
# type: matrix
# rows: 251
# columns: 16
 0.940337 -0.327631 -0.0917845 -0.940272 0.267613 0.5455950000000001 0.794172 0.0807997 -0.210119 -0.771352 0.6007209999999999 0.33153 0 0 0 1
 0.367684 -0.831882 0.415669 -0.752194 -0.921806 -0.267003 0.281037 -0.941064 -0.122805 -0.486499 -0.865007 0.329732 0 0 0 1
 0.367684 -0.831882 0.415669 -0.752194 -0.921806 -0.267003 0.281037 -0.941064 -0.122805 -0.486499 -0.865007 0.329732 0 0 0 1
 0.306394 0.492759 -0.814438 -0.9338610000000001 0.951685 -0.140229 0.273184 0.0682604 0.0204061 -0.858791 -0.511917 0.13197 0 0 0 1
 -0.0260005 0.122997 -0.992065 -1.36904 0.824325 -0.558773 -0.0908814 -0.793083 -0.565519 -0.820147 -0.08686149999999999 -0.197811 0 0 0 1
 0.126944 0.747234 -0.652321 -1.73183 0.6359050000000001 -0.566025 -0.524632 -1.61907 -0.761255 -0.348216 -0.547023 0.233578 0 0 0 1
 0.126944 0.747234 -0.652321 -1.73183 0.6359050000000001 -0.566025 -0.524632 -1.61907 -0.761255 -0.348216 -0.547023 0.233578 0 0 0 1
 -0.413069 0.907039 -0.0815524 -1.88134 0.888772 0.421036 0.181139 -2.30144 0.198637 0.00234139 -0.980069 0.958266 0 0 0 1
 0.18708 0.76967 0.610414 -1.3324 -0.539423 -0.438831 0.718643 -3.18665 0.8209880000000001 -0.463716 0.333081 1.09677 0 0 0 1
 -0.378875 0.859744 -0.342476 -1.27309 -0.124943 -0.414198 -0.901568 -2.85549 -0.916973 -0.298792 0.264349 0.111083 0 0 0 1
 -0.6163149999999999 -0.307611 -0.724932 -1.07289 0.389352 -0.919193 0.059028 -3.42876 -0.684512 -0.245874 0.686283 0.902119 0 0 0 1
 -0.6163149999999999 -0.307611 -0.724932 -1.07289 0.389352 -0.919193 0.059028 -3.42876 -0.684512 -0.245874 0.686283 0.902119 0 0 0 1
 -0.116545 0.384439 -0.915761 -0.454877 0.760325 -0.558694 -0.331304 -3.74554 -0.638998 -0.73489 -0.227186 1.62768 0 0 0 1
 -0.129048 -0.882985 -0.451308 -0.680002 0.990007 -0.140794 -0.00761902 -4.66787 -0.0568148 -0.447783 0.892332 1.93699 0 0 0 1
 -0.338143 -0.940628 -0.0295539 -1.04376 -0.865516 0.323165 -0.382678 -5.55904 0.36951 -0.103821 -0.9234059999999999 2.33561 0 0 0 1
 -0.428703 -0.389029 -0.815392 -0.850556 -0.694198 0.719453 0.0217281 -4.78128 0.5781849999999999 0.575359 -0.578496 1.73801 0 0 0 1
 0.356572 -0.317524 0.878652 -0.696972 0.879153 0.432273 -0.200562 -3.96598 -0.316135 0.843986 0.433289 1.10911 0 0 0 1
 0.764981 0.309753 0.5646679999999999 0.109189 0.519975 0.220302 -0.82528 -3.35956 -0.380032 0.924939 0.00746319 1.09229 0 0 0 1
 0.764981 0.309753 0.5646679999999999 0.109189 0.519975 0.220302 -0.82528 -3.35956 -0.380032 0.924939 0.00746319 1.09229 0 0 0 1
 0.644981 -0.251025 0.721789 -0.356684 0.71513 0.531244 -0.454273 -4.03151 -0.269413 0.809172 0.522159 1.66679 0 0 0 1
 0.097093 -0.992815 0.06987 -0.780037 0.898165 0.117649 0.423619 -4.68893 -0.428797 0.0216242 0.903137 2.29238 0 0 0 1
 0.417911 -0.340305 0.842338 -0.364019 0.603459 0.797069 0.0226214 -4.24307 -0.679102 0.498864 0.538466 1.48932 0 0 0 1
 0.417911 -0.340305 0.842338 -0.364019 0.603459 0.797069 0.0226214 -4.24307 -0.679102 0.498864 0.538466 1.48932 0 0 0 1
 -0.209353 0.5109939999999999 0.833694 -0.336787 0.943528 0.329424 0.035021 -4.77475 -0.256745 0.793949 -0.551105 2.35112 0 0 0 1
 -0.657346 -0.330687 0.6771509999999999 -0.0651902 0.669003 0.157532 0.726368 -5.72395 -0.346876 0.930494 0.117678 2.52143 0 0 0 1
 -0.657346 -0.330687 0.6771509999999999 -0.0651902 0.669003 0.157532 0.726368 -5.72395 -0.346876 0.930494 0.117678 2.52143 0 0 0 1
 -0.657346 -0.330687 0.6771509999999999 -0.0651902 0.669003 0.157532 0.726368 -5.72395 -0.346876 0.930494 0.117678 2.52143 0 0 0 1
 -0.657346 -0.330687 0.6771509999999999 -0.0651902 0.669003 0.157532 0.726368 -5.72395 -0.346876 0.930494 0.117678 2.52143 0 0 0 1
 -0.376527 -0.797186 0.471923 -1.01228 0.496671 0.256303 0.829228 -5.41384 -0.782008 0.546618 0.299435 2.41867 0 0 0 1
 -0.376527 -0.797186 0.471923 -1.01228 0.496671 0.256303 0.829228 -5.41384 -0.782008 0.546618 0.299435 2.41867 0 0 0 1
 0.339214 -0.734371 0.587897 -0.5754010000000001 -0.780562 -0.568527 -0.259793 -6.16258 0.525023 -0.370766 -0.766076 3.01285 0 0 0 1
 0.420851 0.395062 0.816577 -0.93074 -0.864254 -0.0988387 0.493241 -5.30268 0.275573 -0.913315 0.299839 2.63812 0 0 0 1
 0.420851 0.395062 0.816577 -0.93074 -0.864254 -0.0988387 0.493241 -5.30268 0.275573 -0.913315 0.299839 2.63812 0 0 0 1
 0.432805 -0.00934017 0.901432 -1.58608 -0.772021 -0.520139 0.365281 -4.68389 0.465462 -0.854023 -0.232331 2.2078 0 0 0 1
 -0.687716 -0.366476 -0.626681 -2.39543 0.372186 -0.919136 0.129066 -4.25018 -0.623308 -0.144481 0.768505 1.71227 0 0 0 1
 0.852731 0.0477828 0.5201480000000001 -1.51498 -0.5166230000000001 -0.0697629 0.85336 -4.79968 0.07706490000000001 -0.996412 -0.0348039 1.81964 0 0 0 1
 -0.954451 0.290514 -0.0678946 -2.50053 0.261542 0.705271 -0.658922 -4.44665 -0.143544 -0.64667 -0.749132 1.73772 0 0 0 1
 0.92617 0.178603 0.332108 -1.59377 -0.376147 0.375384 0.847106 -4.9633 0.0266292 -0.909491 0.414852 1.62044 0 0 0 1
 0.886209 -0.389021 0.251554 -2.31281 -0.259634 0.032641 0.965149 -4.27134 -0.383675 -0.920643 -0.07207710000000001 1.73467 0 0 0 1
 0.886209 -0.389021 0.251554 -2.31281 -0.259634 0.032641 0.965149 -4.27134 -0.383675 -0.920643 -0.07207710000000001 1.73467 0 0 0 1
 -0.936606 0.349833 0.0192256 -3.14297 0.2268 0.647205 -0.727788 -3.75313 -0.26705 -0.677295 -0.685522 2.08761 0 0 0 1
 -0.835214 0.477626 0.272532 -2.25956 0.44611 0.8782759999999999 -0.172056 -4.21599 -0.32154 -0.0221247 -0.9466290000000001 2.02836 0 0 0 1
 0.929389 0.265911 -0.255953 -1.29566 -0.345049 0.872148 -0.346824 -4.47875 0.131006 0.410653 0.902322 1.74894 0 0 0 1
 0.0512432 0.695308 -0.716871 -1.65554 0.344867 0.661338 0.6660970000000001 -4.64608 0.937243 -0.28136 -0.205903 0.836161 0 0 0 1
 0.0512432 0.695308 -0.716871 -1.65554 0.344867 0.661338 0.6660970000000001 -4.64608 0.937243 -0.28136 -0.205903 0.836161 0 0 0 1
 -0.405536 -0.26259 0.875539 -1.96604 -0.270721 0.949372 0.15934 -4.90314 -0.873061 -0.17241 -0.456095 -0.134996 0 0 0 1
 -0.66077 0.548486 -0.512374 -1.28312 0.505451 -0.179483 -0.843973 -4.60525 -0.554876 -0.816658 -0.158638 0.536245 0 0 0 1
 -0.66077 0.548486 -0.512374 -1.28312 0.505451 -0.179483 -0.843973 -4.60525 -0.554876 -0.816658 -0.158638 0.536245 0 0 0 1
 -0.09688769999999999 -0.243108 -0.965139 -1.19876 0.9209850000000001 -0.389537 0.00566557 -5.55097 -0.377338 -0.888337 0.26164 0.831375 0 0 0 1
 0.87903 -0.231917 -0.416535 -0.350424 0.181997 -0.644288 0.742802 -6.13532 -0.440639 -0.728759 -0.524146 0.9170160000000001 0 0 0 1
 -0.261903 -0.0377475 0.964345 -1.0815 -0.331425 -0.93494 -0.126608 -6.47962 0.9063909999999999 -0.35277 0.232357 1.58681 0 0 0 1
 0.125651 -0.766101 -0.630302 -0.733279 0.469578 -0.513731 0.7180260000000001 -6.1275 -0.873893 -0.386202 0.295194 0.662833 0 0 0 1
 -0.813375 0.111078 -0.571018 -0.962917 0.506231 -0.34843 -0.788867 -5.37814 -0.28659 -0.930719 0.227174 0.0399231 0 0 0 1
 -0.813375 0.111078 -0.571018 -0.962917 0.506231 -0.34843 -0.788867 -5.37814 -0.28659 -0.930719 0.227174 0.0399231 0 0 0 1
 0.64802 -0.761587 -0.00580531 -0.216783 -0.686324 -0.58064 -0.43795 -6.03963 0.330171 0.287786 -0.89897 0.363155 0 0 0 1
 0.64802 -0.761587 -0.00580531 -0.216783 -0.686324 -0.58064 -0.43795 -6.03963 0.330171 0.287786 -0.89897 0.363155 0 0 0 1
 0.677878 -0.659915 -0.323992 -0.907942 -0.649953 -0.332025 -0.683596 -5.37524 0.343547 0.673979 -0.653993 0.0798427 0 0 0 1
 0.766895 -0.460451 -0.447028 -0.190845 -0.23045 0.452521 -0.861452 -5.53386 0.598954 0.763667 0.240927 0.766658 0 0 0 1
 0.751462 -0.573906 -0.325443 -0.993417 -0.438266 -0.0655114 -0.896445 -5.5611 0.493162 0.816282 -0.300757 0.16523 0 0 0 1
 -0.988378 -0.14711 0.0380116 -1.80588 -0.0600015 0.607745 0.791851 -5.15306 -0.139594 0.780375 -0.609515 -0.35032 0 0 0 1
 -0.985747 0.00656803 0.168035 -0.821828 0.117831 -0.685945 0.718036 -5.03746 0.119977 0.72761 0.6754019999999999 -0.205762 0 0 0 1
