# Created by Octave 4.0.0, Tue Jul 12 17:21:57 2016 BRT <anaritapereira@lasi-xps>
# name: pose_12
# type: matrix
# rows: 251
# columns: 16
 1 0 0 0 0 1 0 0 0 0 1 0 0 0 0 1
 1 0 0 0 0 1 0 0 0 0 1 0 0 0 0 1
 0.79013 0.603421 -0.1076 0.869417 -0.0270187 0.209666 0.977399 0.357517 0.612343 -0.769366 0.181967 0.340614 0 0 0 1
 -0.840869 0.06426460000000001 -0.5374100000000001 1.84476 0.339659 -0.710404 -0.616406 0.565882 -0.421392 -0.7008529999999999 0.575529 0.624579 0 0 0 1
 -0.160173 0.888485 0.430045 1.4794 -0.981918 -0.18795 0.022588 0.802291 0.100896 -0.418651 0.902524 -0.300585 0 0 0 1
 -0.160173 0.888485 0.430045 1.4794 -0.981918 -0.18795 0.022588 0.802291 0.100896 -0.418651 0.902524 -0.300585 0 0 0 1
 -0.160173 0.888485 0.430045 1.4794 -0.981918 -0.18795 0.022588 0.802291 0.100896 -0.418651 0.902524 -0.300585 0 0 0 1
 0.0337249 0.992798 -0.114953 1.53612 -0.994444 0.0448089 0.09524290000000001 -0.201752 0.09970809999999999 0.111103 0.988794 -0.275884 0 0 0 1
 -0.0473217 0.911453 -0.408673 2.1227 -0.996493 -0.0148159 0.08234420000000001 -1.00869 0.068998 0.411137 0.908958 -0.358668 0 0 0 1
 0.450694 0.470085 0.758876 2.52836 -0.390436 -0.660682 0.641138 -1.86256 0.802766 -0.585249 -0.114227 -0.0365533 0 0 0 1
 0.112307 -0.944039 0.310121 3.14969 0.447699 0.326697 0.832365 -2.64376 -0.8871019999999999 0.0453599 0.459336 0.301578 0 0 0 1
 -0.424218 -0.6061879999999999 0.672735 2.73488 -0.0001522 0.742942 0.669353 -2.03218 -0.905559 0.283849 -0.315262 -0.374895 0 0 0 1
 -0.424218 -0.6061879999999999 0.672735 2.73488 -0.0001522 0.742942 0.669353 -2.03218 -0.905559 0.283849 -0.315262 -0.374895 0 0 0 1
 -0.227455 0.964541 -0.133873 2.20066 -0.430541 0.0236996 0.902258 -1.45231 0.873439 0.262862 0.409884 -1.06827 0 0 0 1
 -0.227455 0.964541 -0.133873 2.20066 -0.430541 0.0236996 0.902258 -1.45231 0.873439 0.262862 0.409884 -1.06827 0 0 0 1
 -0.665345 0.647791 -0.371053 1.90429 -0.390463 0.121657 0.912543 -1.20236 0.636279 0.75204 0.171994 -1.99701 0 0 0 1
 0.0400417 0.666888 0.744079 1.53554 -0.864978 0.395926 -0.308304 -0.910323 -0.500205 -0.6312680000000001 0.5926979999999999 -1.0602 0 0 0 1
 0.190276 0.940859 -0.280313 1.83354 -0.765177 0.321015 0.558076 -1.42519 0.615056 0.108301 0.781007 -1.89214 0 0 0 1
 0.7982089999999999 0.500118 -0.335768 2.48076 -0.558307 0.404941 -0.724094 -1.96109 -0.226167 0.765441 0.602448 -1.34797 0 0 0 1
 -0.71049 -0.703541 -0.0151593 3.498 0.442248 -0.463165 0.768043 -2.13108 -0.547372 0.538984 0.640215 -1.15994 0 0 0 1
 -0.603912 -0.791892 0.0905117 4.44334 0.791327 -0.609281 -0.0507417 -2.11729 0.09532930000000001 0.0409808 0.9946 -0.82076 0 0 0 1
 0.971145 0.1742 0.16287 3.48307 0.132627 -0.96211 0.238222 -1.69845 0.198198 -0.209748 -0.957454 -0.818252 0 0 0 1
 0.423448 0.320432 -0.847355 3.16756 0.601633 -0.798768 -0.00140502 -1.87926 -0.677292 -0.509203 -0.531021 0.132775 0 0 0 1
 0.510899 0.693613 0.507816 3.66305 0.50202 -0.72027 0.47873 -2.12886 0.69782 0.010351 -0.716194 -0.721958 0 0 0 1
 0.834808 -0.221568 0.503982 4.4301 0.388458 -0.411622 -0.824416 -2.19607 0.390115 0.884007 -0.257556 -0.0779556 0 0 0 1
 0.834808 -0.221568 0.503982 4.4301 0.388458 -0.411622 -0.824416 -2.19607 0.390115 0.884007 -0.257556 -0.0779556 0 0 0 1
 0.681608 0.168864 -0.711962 5.20468 -0.651396 0.583243 -0.485289 -2.42509 0.3333 0.7945489999999999 0.507541 0.508097 0 0 0 1
 0.516051 -0.688326 0.509798 5.4403 0.598459 0.715546 0.360326 -2.9682 -0.612807 0.119148 0.781196 1.36178 0 0 0 1
 -0.311876 -0.391586 0.865672 5.94362 -0.944603 0.0297504 -0.326855 -2.13609 0.102237 -0.919658 -0.379173 1.71914 0 0 0 1
 -0.311876 -0.391586 0.865672 5.94362 -0.944603 0.0297504 -0.326855 -2.13609 0.102237 -0.919658 -0.379173 1.71914 0 0 0 1
 -0.460675 -0.876676 0.138607 5.11674 -0.869731 0.477028 0.126515 -2.66998 -0.177034 -0.062269 -0.98223 1.55523 0 0 0 1
 -0.202094 -0.752691 0.626584 4.2701 -0.978656 0.130908 -0.158393 -3.19831 0.0371957 -0.645223 -0.763083 1.52385 0 0 0 1
 0.365425 0.223012 0.9037269999999999 3.47123 -0.774767 -0.465259 0.428092 -3.82555 0.515939 -0.856617 0.00276577 1.57143 0 0 0 1
 -0.658848 0.0508703 -0.750549 3.67623 0.743414 -0.108614 -0.659947 -4.83193 -0.115092 -0.992778 0.0337412 1.63743 0 0 0 1
 -0.6906639999999999 0.168302 0.703313 3.03112 -0.0320293 0.964465 -0.262247 -4.42347 -0.722461 -0.203651 -0.660733 0.987225 0 0 0 1
 -0.6906639999999999 0.168302 0.703313 3.03112 -0.0320293 0.964465 -0.262247 -4.42347 -0.722461 -0.203651 -0.660733 0.987225 0 0 0 1
 0.700923 -0.692337 0.171373 2.64152 0.183203 -0.0574476 -0.981391 -4.1611 0.689302 0.7192770000000001 0.0865722 0.0605131 0 0 0 1
 0.163755 -0.912135 -0.375748 3.0879 0.0227969 -0.37729 0.92581 -4.39601 -0.986233 -0.160174 -0.0409893 0.969364 0 0 0 1
 0.0372001 -0.356338 -0.933612 3.48106 0.472277 -0.817069 0.330673 -4.27633 -0.88066 -0.453227 0.137895 1.88297 0 0 0 1
 0.0372001 -0.356338 -0.933612 3.48106 0.472277 -0.817069 0.330673 -4.27633 -0.88066 -0.453227 0.137895 1.88297 0 0 0 1
 0.259002 -0.681794 -0.684153 3.63956 -0.7776189999999999 0.272945 -0.566391 -4.5935 0.572901 0.67871 -0.459486 0.8914029999999999 0 0 0 1
 0.259002 -0.681794 -0.684153 3.63956 -0.7776189999999999 0.272945 -0.566391 -4.5935 0.572901 0.67871 -0.459486 0.8914029999999999 0 0 0 1
 0.0439714 -0.896687 -0.440465 3.13756 -0.0661762 0.437308 -0.896869 -5.37392 0.996834 0.06858450000000001 -0.0401111 1.29158 0 0 0 1
 0.0439714 -0.896687 -0.440465 3.13756 -0.0661762 0.437308 -0.896869 -5.37392 0.996834 0.06858450000000001 -0.0401111 1.29158 0 0 0 1
 0.0439714 -0.896687 -0.440465 3.13756 -0.0661762 0.437308 -0.896869 -5.37392 0.996834 0.06858450000000001 -0.0401111 1.29158 0 0 0 1
 0.0439714 -0.896687 -0.440465 3.13756 -0.0661762 0.437308 -0.896869 -5.37392 0.996834 0.06858450000000001 -0.0401111 1.29158 0 0 0 1
 0.0439714 -0.896687 -0.440465 3.13756 -0.0661762 0.437308 -0.896869 -5.37392 0.996834 0.06858450000000001 -0.0401111 1.29158 0 0 0 1
 0.0439714 -0.896687 -0.440465 3.13756 -0.0661762 0.437308 -0.896869 -5.37392 0.996834 0.06858450000000001 -0.0401111 1.29158 0 0 0 1
 0.0439714 -0.896687 -0.440465 3.13756 -0.0661762 0.437308 -0.896869 -5.37392 0.996834 0.06858450000000001 -0.0401111 1.29158 0 0 0 1
 -0.363318 -0.153145 -0.918987 2.67197 -0.322743 0.946004 -0.0300536 -5.11723 0.873972 0.285679 -0.393129 2.1392 0 0 0 1
 -0.363318 -0.153145 -0.918987 2.67197 -0.322743 0.946004 -0.0300536 -5.11723 0.873972 0.285679 -0.393129 2.1392 0 0 0 1
 -0.627906 0.133372 -0.76677 2.60277 -0.301249 0.866758 0.397454 -4.12488 0.717616 0.480555 -0.504067 2.26106 0 0 0 1
 -0.9873690000000001 -0.0457858 0.151646 3.34239 -0.0354404 0.9968939999999999 0.0702444 -4.61866 -0.154392 0.0639832 -0.985931 2.76099 0 0 0 1
 0.203782 0.328736 0.922168 2.5021 -0.975776 0.144692 0.16405 -4.26459 -0.0795023 -0.933266 0.350261 3.26981 0 0 0 1
 0.819098 -0.506398 0.269495 2.56403 0.46886 0.8616740000000001 0.194101 -5.25359 -0.330511 -0.0326325 0.943232 2.94665 0 0 0 1
 0.819098 -0.506398 0.269495 2.56403 0.46886 0.8616740000000001 0.194101 -5.25359 -0.330511 -0.0326325 0.943232 2.94665 0 0 0 1
 0.987022 -0.0620909 0.14806 2.2598 -0.0223448 0.860081 0.509656 -4.34719 -0.158989 -0.5063530000000001 0.847536 2.63662 0 0 0 1
 0.987022 -0.0620909 0.14806 2.2598 -0.0223448 0.860081 0.509656 -4.34719 -0.158989 -0.5063530000000001 0.847536 2.63662 0 0 0 1
 0.387211 -0.803169 -0.452742 2.99014 -0.8712 -0.158011 -0.46479 -4.27289 0.301769 0.5744050000000001 -0.7609089999999999 1.88823 0 0 0 1
 0.387211 -0.803169 -0.452742 2.99014 -0.8712 -0.158011 -0.46479 -4.27289 0.301769 0.5744050000000001 -0.7609089999999999 1.88823 0 0 0 1
 0.0393869 0.991875 -0.120915 2.65713 0.809685 0.0392302 0.5855399999999999 -5.24145 0.58553 -0.120966 -0.801566 1.75115 0 0 0 1
 -0.731332 0.571905 0.371571 2.26283 0.231081 -0.304797 0.923952 -4.31766 0.64167 0.761584 0.09075179999999999 1.65945 0 0 0 1
 -0.0364486 0.921692 0.386191 1.8906 0.511011 0.349293 -0.785397 -4.61 -0.8587939999999999 0.168722 -0.483728 2.58709 0 0 0 1
 0.51961 0.695113 0.496801 2.39009 0.403059 0.313268 -0.8598789999999999 -4.21723 -0.75335 0.647046 -0.117394 1.79787 0 0 0 1
 -0.697966 -0.605847 0.381811 3.33219 0.408301 0.10134 0.907197 -4.61121 -0.58832 0.789092 0.176637 2.00385 0 0 0 1
 0.769648 0.17192 0.614876 2.3566 0.194794 -0.98037 0.030289 -4.25776 0.6080179999999999 0.0964638 -0.788034 1.87698 0 0 0 1
 0.769648 0.17192 0.614876 2.3566 0.194794 -0.98037 0.030289 -4.25776 0.6080179999999999 0.0964638 -0.788034 1.87698 0 0 0 1
 0.769648 0.17192 0.614876 2.3566 0.194794 -0.98037 0.030289 -4.25776 0.6080179999999999 0.0964638 -0.788034 1.87698 0 0 0 1
 0.769648 0.17192 0.614876 2.3566 0.194794 -0.98037 0.030289 -4.25776 0.6080179999999999 0.0964638 -0.788034 1.87698 0 0 0 1
 0.769648 0.17192 0.614876 2.3566 0.194794 -0.98037 0.030289 -4.25776 0.6080179999999999 0.0964638 -0.788034 1.87698 0 0 0 1
 -0.384165 0.158734 -0.90951 3.03933 0.922382 0.0231181 -0.385569 -4.82989 -0.0401777 -0.987045 -0.155296 2.42888 0 0 0 1
 -0.384165 0.158734 -0.90951 3.03933 0.922382 0.0231181 -0.385569 -4.82989 -0.0401777 -0.987045 -0.155296 2.42888 0 0 0 1
 -0.384165 0.158734 -0.90951 3.03933 0.922382 0.0231181 -0.385569 -4.82989 -0.0401777 -0.987045 -0.155296 2.42888 0 0 0 1
 -0.384165 0.158734 -0.90951 3.03933 0.922382 0.0231181 -0.385569 -4.82989 -0.0401777 -0.987045 -0.155296 2.42888 0 0 0 1
 -0.485093 0.58328 -0.6515030000000001 2.73684 0.873932 0.297626 -0.38425 -4.08416 -0.0302218 -0.755772 -0.654128 1.832 0 0 0 1
 -0.485093 0.58328 -0.6515030000000001 2.73684 0.873932 0.297626 -0.38425 -4.08416 -0.0302218 -0.755772 -0.654128 1.832 0 0 0 1
 -0.485093 0.58328 -0.6515030000000001 2.73684 0.873932 0.297626 -0.38425 -4.08416 -0.0302218 -0.755772 -0.654128 1.832 0 0 0 1
 -0.664766 0.429383 -0.611312 3.45955 0.74631 0.345529 -0.568873 -3.40395 -0.0330395 -0.834402 -0.550153 1.98887 0 0 0 1
 -0.664766 0.429383 -0.611312 3.45955 0.74631 0.345529 -0.568873 -3.40395 -0.0330395 -0.834402 -0.550153 1.98887 0 0 0 1
 0.0506447 0.997398 0.0511812 2.94485 -0.972231 0.0375162 0.230967 -2.68716 0.228449 -0.0614573 0.971608 1.43229 0 0 0 1
 -0.5161480000000001 0.573546 -0.6361 3.4487 0.855621 0.378745 -0.352775 -3.41251 0.0385871 -0.7263500000000001 -0.686232 1.9809 0 0 0 1
 0.215452 -0.505483 -0.835495 3.11255 0.898302 -0.232899 0.372553 -2.60425 -0.382909 -0.830802 0.403901 1.49331 0 0 0 1
 0.140073 -0.829178 -0.541137 3.49717 0.978745 0.0332985 0.202322 -3.41899 -0.149744 -0.557979 0.8162239999999999 1.94194 0 0 0 1
 -0.837445 0.35993 -0.411243 2.72237 0.368583 -0.183606 -0.911273 -2.78336 -0.403505 -0.914726 0.0210962 1.73121 0 0 0 1
 -0.806708 0.192362 -0.5587530000000001 2.20748 0.468736 -0.367483 -0.80326 -2.35447 -0.359852 -0.909911 0.206286 0.989093 0 0 0 1
 -0.38253 0.781349 0.493101 1.41512 -0.355391 -0.6170639999999999 0.702078 -2.34252 0.85285 0.0933238 0.5137350000000001 0.310525 0 0 0 1
 -0.38253 0.781349 0.493101 1.41512 -0.355391 -0.6170639999999999 0.702078 -2.34252 0.85285 0.0933238 0.5137350000000001 0.310525 0 0 0 1
 0.434634 -0.900217 0.0262023 1.97047 0.0116291 0.0347006 0.999322 -2.76481 -0.900524 -0.434039 0.0255507 1.10296 0 0 0 1
 0.106257 -0.409732 0.905987 1.89625 0.761428 -0.552442 -0.339143 -2.45751 0.639469 0.7258869999999999 0.253283 0.100641 0 0 0 1
 -0.493219 0.361583 -0.7911859999999999 1.62724 -0.242973 -0.930575 -0.273819 -2.1025 -0.835274 0.0571855 0.546837 1.04403 0 0 0 1
 -0.735309 -0.00931239 -0.677656 1.76959 -0.67249 0.134005 0.727861 -2.58727 0.084032 0.9909289999999999 -0.104799 0.126989 0 0 0 1
 -0.735309 -0.00931239 -0.677656 1.76959 -0.67249 0.134005 0.727861 -2.58727 0.084032 0.9909289999999999 -0.104799 0.126989 0 0 0 1
 -0.878387 0.47319 -0.0671561 1.17318 -0.258612 -0.352418 0.89939 -3.21927 0.401919 0.807388 0.431936 0.62601 0 0 0 1
 -0.878387 0.47319 -0.0671561 1.17318 -0.258612 -0.352418 0.89939 -3.21927 0.401919 0.807388 0.431936 0.62601 0 0 0 1
 -0.976274 0.216464 -0.00364278 1.50362 0.0639574 0.304453 0.950367 -3.37472 0.206831 0.927596 -0.311078 -0.313491 0 0 0 1
 -0.976274 0.216464 -0.00364278 1.50362 0.0639574 0.304453 0.950367 -3.37472 0.206831 0.927596 -0.311078 -0.313491 0 0 0 1
 -0.976274 0.216464 -0.00364278 1.50362 0.0639574 0.304453 0.950367 -3.37472 0.206831 0.927596 -0.311078 -0.313491 0 0 0 1
 0.0615379 -0.584014 0.809396 1.82446 0.720314 0.587328 0.369018 -4.25355 -0.690901 0.560316 0.45682 0.10691 0 0 0 1
 -0.756884 -0.633975 0.158694 2.6996 -0.00860062 0.252461 0.9675589999999999 -3.87103 -0.653479 0.730972 -0.196539 0.443305 0 0 0 1
 -0.756884 -0.633975 0.158694 2.6996 -0.00860062 0.252461 0.9675589999999999 -3.87103 -0.653479 0.730972 -0.196539 0.443305 0 0 0 1
 -0.392617 0.531373 -0.75065 2.21455 -0.823317 0.160659 0.544351 -3.02005 0.409857 0.831753 0.374415 0.122257 0 0 0 1
 0.197273 -0.971809 -0.12904 2.94103 0.906486 0.230944 -0.353452 -3.71351 0.373293 -0.0472469 0.926501 0.421062 0 0 0 1
 0.0546069 -0.99382 -0.0965515 2.5435 0.991998 0.0429807 0.118629 -3.11827 -0.113748 -0.102258 0.988224 1.12893 0 0 0 1
 0.0546069 -0.99382 -0.0965515 2.5435 0.991998 0.0429807 0.118629 -3.11827 -0.113748 -0.102258 0.988224 1.12893 0 0 0 1
 0.2842 -0.498866 0.8187449999999999 2.04102 0.855386 0.517642 0.0184853 -2.25719 -0.433044 0.695097 0.573843 1.11823 0 0 0 1
 0.6723710000000001 0.410522 0.61593 1.8861 0.067441 0.794668 -0.603271 -1.28492 -0.737124 0.447164 0.5066310000000001 0.934022 0 0 0 1
 -0.0261827 0.70563 0.708083 2.60726 0.956456 0.223643 -0.187499 -0.94234 -0.290667 0.6723479999999999 -0.680766 0.317594 0 0 0 1
 0.0298228 0.8416360000000001 0.539203 2.99508 0.973382 -0.147068 0.175723 -0.149459 0.227196 0.519616 -0.8236289999999999 -0.167521 0 0 0 1
 0.0298228 0.8416360000000001 0.539203 2.99508 0.973382 -0.147068 0.175723 -0.149459 0.227196 0.519616 -0.8236289999999999 -0.167521 0 0 0 1
 0.0298228 0.8416360000000001 0.539203 2.99508 0.973382 -0.147068 0.175723 -0.149459 0.227196 0.519616 -0.8236289999999999 -0.167521 0 0 0 1
 0.0298228 0.8416360000000001 0.539203 2.99508 0.973382 -0.147068 0.175723 -0.149459 0.227196 0.519616 -0.8236289999999999 -0.167521 0 0 0 1
 0.0298228 0.8416360000000001 0.539203 2.99508 0.973382 -0.147068 0.175723 -0.149459 0.227196 0.519616 -0.8236289999999999 -0.167521 0 0 0 1
 -0.0377593 0.514193 0.856832 3.50955 0.985548 -0.122478 0.116933 0.684497 0.16507 0.848874 -0.502143 0.0451252 0 0 0 1
 -0.0377593 0.514193 0.856832 3.50955 0.985548 -0.122478 0.116933 0.684497 0.16507 0.848874 -0.502143 0.0451252 0 0 0 1
 -0.0377593 0.514193 0.856832 3.50955 0.985548 -0.122478 0.116933 0.684497 0.16507 0.848874 -0.502143 0.0451252 0 0 0 1
 0.322336 -0.280108 0.904223 3.78656 0.943617 0.0191235 -0.330454 1.48791 0.0752714 0.959768 0.270482 0.574164 0 0 0 1
 -0.413603 0.655596 0.631749 3.69098 0.9094449999999999 0.264981 0.320427 2.32579 0.0426698 0.707078 -0.705833 1.11174 0 0 0 1
 -0.345344 0.0823484 0.934846 3.44316 0.721341 0.6605 0.208292 1.48378 -0.60032 0.746283 -0.287505 1.60485 0 0 0 1
 -0.345344 0.0823484 0.934846 3.44316 0.721341 0.6605 0.208292 1.48378 -0.60032 0.746283 -0.287505 1.60485 0 0 0 1
 -0.345344 0.0823484 0.934846 3.44316 0.721341 0.6605 0.208292 1.48378 -0.60032 0.746283 -0.287505 1.60485 0 0 0 1
 -0.345344 0.0823484 0.934846 3.44316 0.721341 0.6605 0.208292 1.48378 -0.60032 0.746283 -0.287505 1.60485 0 0 0 1
 -0.345344 0.0823484 0.934846 3.44316 0.721341 0.6605 0.208292 1.48378 -0.60032 0.746283 -0.287505 1.60485 0 0 0 1
 -0.345344 0.0823484 0.934846 3.44316 0.721341 0.6605 0.208292 1.48378 -0.60032 0.746283 -0.287505 1.60485 0 0 0 1
 -0.345344 0.0823484 0.934846 3.44316 0.721341 0.6605 0.208292 1.48378 -0.60032 0.746283 -0.287505 1.60485 0 0 0 1
 -0.345344 0.0823484 0.934846 3.44316 0.721341 0.6605 0.208292 1.48378 -0.60032 0.746283 -0.287505 1.60485 0 0 0 1
 -0.629508 -0.563091 0.535376 3.57519 0.449168 0.298498 0.842096 2.43466 -0.633992 0.770589 0.065016 1.27325 0 0 0 1
 -0.8866270000000001 0.458829 -0.0578662 2.90016 0.354997 0.755439 0.550697 3.15604 0.296394 0.467725 -0.832685 1.06631 0 0 0 1
 -0.786355 0.617754 0.00205181 2.75667 0.540417 0.686295 0.486751 4.05728 0.299288 0.383872 -0.8735270000000001 1.48001 0 0 0 1
 0.919084 -0.200835 -0.339012 2.39252 -0.359092 -0.781108 -0.510785 5.00434 -0.162224 0.591198 -0.790031 1.72603 0 0 0 1
 -0.563227 0.245443 -0.788995 2.71101 0.0823545 -0.933424 -0.349162 5.46428 -0.822176 -0.261638 0.505522 2.58816 0 0 0 1
 0.601136 -0.439133 0.667666 2.51069 0.546974 -0.383008 -0.74438 5.04636 0.58261 0.812679 0.00995442 1.64824 0 0 0 1
 0.37533 0.114026 0.91984 2.95401 0.478624 -0.873687 -0.0869911 5.08272 0.7937419999999999 0.472914 -0.382501 2.54506 0 0 0 1
 -0.0204239 -0.789663 0.613185 3.72073 0.982299 -0.130039 -0.134745 5.05837 0.186143 0.599586 0.77835 3.22492 0 0 0 1
 -0.396033 -0.81823 0.416698 3.28712 0.867707 -0.481936 -0.121653 5.883 0.300366 0.313397 0.900857 3.61596 0 0 0 1
 0.617606 -0.588147 0.522135 2.69839 -0.485537 0.237129 0.841427 6.36218 -0.618704 -0.773196 -0.139117 4.31737 0 0 0 1
 -0.0742968 0.413572 -0.907424 2.8486 -0.313999 0.853951 0.414909 5.9468 0.946501 0.31576 0.0664164 3.36737 0 0 0 1
 -0.314155 0.843625 -0.435411 2.69293 -0.246554 0.370394 0.8955419999999999 6.26987 0.916787 0.388696 0.09163930000000001 4.30535 0 0 0 1
 -0.303872 0.457943 0.835421 2.83225 0.08373029999999999 -0.8606549999999999 0.502233 6.31121 0.949016 0.222567 0.223188 5.30189 0 0 0 1
 -0.211533 0.906223 -0.366051 2.80774 -0.6044659999999999 0.173002 0.777603 6.04593 0.768019 0.385759 0.511192 6.26933 0 0 0 1
 -0.509476 0.355576 -0.783568 2.9414 0.768381 -0.221867 -0.600284 5.90207 -0.387299 -0.907921 -0.160183 7.30242 0 0 0 1
 0.6584 0.463243 -0.593207 2.19801 -0.480456 -0.347992 -0.805009 6.30244 -0.579354 0.815038 -0.00654961 6.68608 0 0 0 1
 -0.850426 -0.351442 -0.391463 3.08 -0.461186 0.856053 0.233359 5.72908 0.253104 0.378997 -0.8901 6.72059 0 0 0 1
 -0.850426 -0.351442 -0.391463 3.08 -0.461186 0.856053 0.233359 5.72908 0.253104 0.378997 -0.8901 6.72059 0 0 0 1
 0.498793 0.571779 0.651347 2.05719 -0.387688 0.819325 -0.42235 5.81499 -0.775166 -0.0418554 0.6303530000000001 6.9102 0 0 0 1
 0.9807630000000001 -0.104435 0.164849 2.87087 -0.07000140000000001 0.60024 0.796735 5.79683 -0.182159 -0.7929580000000001 0.58139 6.32517 0 0 0 1
 0.276276 -0.6318049999999999 0.724204 3.71663 -0.404406 0.607147 0.68396 6.23939 -0.8718399999999999 -0.48184 -0.0877674 5.96191 0 0 0 1
 -0.615862 0.0530443 -0.786052 3.81668 -0.417741 0.823928 0.382894 6.42482 0.667971 0.564184 -0.485273 4.94023 0 0 0 1
 0.273429 -0.816259 -0.508857 3.43529 -0.12438 0.49457 -0.8601760000000001 6.3131 0.953805 0.298493 0.0337045 5.85505 0 0 0 1
 0.468516 -0.719921 -0.512039 2.99156 0.827307 0.154231 0.540138 6.05718 -0.309889 -0.676686 0.667865 6.75793 0 0 0 1
 0.370625 -0.173002 -0.912516 3.30907 -0.243767 0.929922 -0.275311 6.55696 0.896209 0.324483 0.302485 5.92456 0 0 0 1
 -0.522741 0.479531 0.7048179999999999 3.23585 -0.340041 0.640863 -0.688215 6.78287 -0.7817229999999999 -0.599434 -0.171948 6.94279 0 0 0 1
 -0.522464 0.847151 0.09666180000000001 3.14748 -0.0153892 0.103978 -0.994447 6.95786 -0.852508 -0.521058 -0.0412891 7.92493 0 0 0 1
 -0.522464 0.847151 0.09666180000000001 3.14748 -0.0153892 0.103978 -0.994447 6.95786 -0.852508 -0.521058 -0.0412891 7.92493 0 0 0 1
 0.0205722 -0.0526119 -0.998391 3.25243 -0.352043 0.934262 -0.056487 6.52157 0.935744 0.352644 0.0006989 6.97531 0 0 0 1
 -0.781069 0.163332 -0.6026860000000001 3.67864 -0.420779 0.575445 0.7012699999999999 6.35244 0.461359 0.801349 -0.380741 6.07927 0 0 0 1
 -0.568417 -0.481943 -0.666791 2.98118 -0.451682 0.860194 -0.236687 6.58367 0.687649 0.166644 -0.706643 6.75292 0 0 0 1
 0.452512 0.765872 0.456781 2.04768 -0.289819 0.610727 -0.736877 6.64117 -0.843334 0.201064 0.498333 7.22719 0 0 0 1
 0.325589 0.936019 -0.133547 2.90159 0.472533 -0.283427 -0.834477 6.65422 -0.81895 0.208594 -0.534588 6.71266 0 0 0 1
 -0.315729 -0.544427 -0.777103 3.74286 -0.905711 0.417024 0.0758204 6.81399 0.282796 0.727781 -0.624768 6.09747 0 0 0 1
 -0.8428099999999999 0.167257 -0.511538 3.15529 -0.532483 -0.121137 0.837709 6.29939 0.0781487 0.97843 0.19116 6.72096 0 0 0 1
 0.337229 0.667983 0.663362 2.31944 -0.53875 0.71478 -0.445878 6.13167 -0.7720089999999999 -0.207027 0.600929 7.33427 0 0 0 1
 0.563811 -0.305193 0.7674299999999999 3.11023 -0.664193 0.384699 0.6409550000000001 5.98378 -0.490852 -0.871112 0.0141894 6.72576 0 0 0 1
 -0.449223 0.319288 0.834403 3.41306 -0.403254 0.760929 -0.508275 5.71309 -0.797218 -0.564814 -0.213076 5.80448 0 0 0 1
 -0.735675 -0.344489 0.583167 3.44535 -0.387913 0.920087 0.0541555 5.82572 -0.5552280000000001 -0.18638 -0.81053 4.79743 0 0 0 1
 0.708658 -0.667185 0.229436 2.86452 0.535247 0.296534 -0.790915 5.99992 0.459658 0.6833050000000001 0.567259 3.96145 0 0 0 1
 -0.007958079999999999 -0.669489 0.742762 3.09812 -0.937673 0.263039 0.227045 6.43796 -0.347384 -0.694671 -0.629865 4.88799 0 0 0 1
 -0.007958079999999999 -0.669489 0.742762 3.09812 -0.937673 0.263039 0.227045 6.43796 -0.347384 -0.694671 -0.629865 4.88799 0 0 0 1
 0.509257 -0.690261 0.513975 2.99146 0.592404 -0.152035 -0.791146 5.93427 0.624248 0.707389 0.331494 3.97719 0 0 0 1
 -0.227542 0.170459 -0.958718 3.04817 -0.0451139 -0.985331 -0.164484 6.55281 -0.972708 0.00582531 0.231898 4.81997 0 0 0 1
 0.698238 -0.256458 0.66833 2.76066 0.671411 -0.0891796 -0.7356780000000001 5.9189 0.248275 0.962418 0.109922 4.03416 0 0 0 1
 0.9843 0.126598 -0.12288 2.05681 -0.16847 0.467658 -0.867687 5.71204 -0.0523827 0.874779 0.481652 3.34309 0 0 0 1
 -0.496858 0.296471 0.815603 1.99539 -0.217484 0.8672879999999999 -0.447748 5.38124 -0.84012 -0.399856 -0.366447 4.33341 0 0 0 1
 -0.496858 0.296471 0.815603 1.99539 -0.217484 0.8672879999999999 -0.447748 5.38124 -0.84012 -0.399856 -0.366447 4.33341 0 0 0 1
 0.303012 -0.649593 -0.697269 2.16797 -0.587413 0.448821 -0.673404 5.44353 0.7504 0.613644 -0.245584 3.30027 0 0 0 1
 0.241319 0.00196809 0.970429 1.81509 -0.379253 0.920645 0.0924426 5.08215 -0.893253 -0.390354 0.222919 4.2234 0 0 0 1
 -0.737865 -0.331174 0.588089 2.41784 -0.384378 0.922409 0.0371688 5.41553 -0.554776 -0.198627 -0.8079229999999999 3.47311 0 0 0 1
 -0.682509 -0.279754 0.675196 3.26752 -0.701063 0.511673 -0.496656 5.2844 -0.20654 -0.812341 -0.545355 3.99125 0 0 0 1
 0.90368 -0.417734 0.0939702 2.87571 0.363312 0.631961 -0.68454 5.02797 0.226573 0.652756 0.722871 3.05107 0 0 0 1
 0.815534 -0.131242 -0.563603 2.76103 -0.521943 0.253751 -0.814341 5.83433 0.249896 0.958307 0.138446 2.43292 0 0 0 1
 0.815534 -0.131242 -0.563603 2.76103 -0.521943 0.253751 -0.814341 5.83433 0.249896 0.958307 0.138446 2.43292 0 0 0 1
 0.815534 -0.131242 -0.563603 2.76103 -0.521943 0.253751 -0.814341 5.83433 0.249896 0.958307 0.138446 2.43292 0 0 0 1
 0.444343 0.704172 -0.553778 3.33572 -0.840467 0.54164 0.014359 5.3215 0.310065 0.459058 0.832522 3.06962 0 0 0 1
 0.444343 0.704172 -0.553778 3.33572 -0.840467 0.54164 0.014359 5.3215 0.310065 0.459058 0.832522 3.06962 0 0 0 1
 -0.8106409999999999 0.462522 0.359031 3.82014 0.347792 0.873648 -0.340213 4.7559 -0.471031 -0.150927 -0.86909 3.79389 0 0 0 1
 0.307547 0.842801 -0.441666 3.15388 -0.951414 0.279121 -0.129874 5.34685 0.0138216 0.460157 0.887711 3.24996 0 0 0 1
 0.307547 0.842801 -0.441666 3.15388 -0.951414 0.279121 -0.129874 5.34685 0.0138216 0.460157 0.887711 3.24996 0 0 0 1
 -0.865974 0.431768 0.252254 3.7168 0.364799 0.890491 -0.271866 4.56354 -0.342019 -0.143412 -0.928667 3.65075 0 0 0 1
 -0.865974 0.431768 0.252254 3.7168 0.364799 0.890491 -0.271866 4.56354 -0.342019 -0.143412 -0.928667 3.65075 0 0 0 1
 -0.871414 0.08628570000000001 -0.482866 3.20988 0.490402 0.174292 -0.853869 5.3156 0.0104831 -0.980889 -0.194197 3.22918 0 0 0 1
 -0.871414 0.08628570000000001 -0.482866 3.20988 0.490402 0.174292 -0.853869 5.3156 0.0104831 -0.980889 -0.194197 3.22918 0 0 0 1
 0.568197 -0.224018 -0.7917920000000001 3.3942 0.822134 0.195239 0.534734 4.34843 0.0347979 -0.95481 0.295112 3.41511 0 0 0 1
 -0.570933 0.684079 -0.453915 3.46655 0.681583 0.08674900000000001 -0.726556 5.26971 -0.457653 -0.724208 -0.515791 3.02434 0 0 0 1
 -0.685358 0.431764 -0.586371 3.75487 0.54066 -0.237683 -0.806943 5.91682 -0.487788 -0.8700870000000001 -0.0705389 2.31009 0 0 0 1
 0.162771 0.970953 0.175282 3.06731 -0.0307125 -0.17258 0.984498 5.63714 0.986168 -0.165634 0.00172774 1.58234 0 0 0 1
 -0.319292 -0.497698 -0.806422 3.95506 0.140761 -0.866433 0.479003 5.79683 -0.937126 0.0394316 0.346707 2.12008 0 0 0 1
 -0.0127506 0.646149 -0.763084 3.04395 0.932292 -0.268169 -0.242652 5.50359 -0.361432 -0.714523 -0.59899 1.73037 0 0 0 1
 -0.0127506 0.646149 -0.763084 3.04395 0.932292 -0.268169 -0.242652 5.50359 -0.361432 -0.714523 -0.59899 1.73037 0 0 0 1
 -0.920903 0.297715 0.251536 3.42848 -0.282927 -0.9545129999999999 0.0939165 5.72814 0.26806 0.0153233 0.963262 0.791929 0 0 0 1
 0.0556295 0.484888 -0.872786 2.89472 0.9967 -0.0784456 0.0199468 5.14953 -0.0587969 -0.871031 -0.48766 1.4846 0 0 0 1
 0.0556295 0.484888 -0.872786 2.89472 0.9967 -0.0784456 0.0199468 5.14953 -0.0587969 -0.871031 -0.48766 1.4846 0 0 0 1
 -0.414834 0.904572 0.0981201 2.58457 0.822682 0.326827 0.465124 5.93245 0.388676 0.273675 -0.879771 0.917264 0 0 0 1
 -0.414834 0.904572 0.0981201 2.58457 0.822682 0.326827 0.465124 5.93245 0.388676 0.273675 -0.879771 0.917264 0 0 0 1
 -0.414834 0.904572 0.0981201 2.58457 0.822682 0.326827 0.465124 5.93245 0.388676 0.273675 -0.879771 0.917264 0 0 0 1
 -0.867903 0.492601 0.0636758 2.80335 -0.208142 -0.477091 0.853828 6.69681 0.450984 0.7278 0.516608 0.250801 0 0 0 1
 0.434355 0.7622370000000001 -0.479892 2.30757 0.898844 -0.401182 0.176335 6.35512 -0.0581174 -0.507948 -0.859403 1.10887 0 0 0 1
 0.434355 0.7622370000000001 -0.479892 2.30757 0.898844 -0.401182 0.176335 6.35512 -0.0581174 -0.507948 -0.859403 1.10887 0 0 0 1
 0.539726 0.482656 -0.689712 3.11102 0.836048 -0.211571 0.506184 6.83589 0.09839100000000001 -0.849849 -0.517724 0.757005 0 0 0 1
 0.320092 0.901265 -0.291937 3.75568 0.938029 -0.344671 -0.0355698 7.46622 -0.132684 -0.262464 -0.955756 0.320473 0 0 0 1
 0.790049 0.568667 -0.228923 4.39737 0.570264 -0.544774 0.614802 8.06606 0.22491 -0.616281 -0.754703 -0.169402 0 0 0 1
 -0.572148 -0.7760049999999999 0.265384 5.32247 -0.560886 0.134163 -0.816925 8.52051 0.598345 -0.616264 -0.51202 -0.332908 0 0 0 1
 -0.572148 -0.7760049999999999 0.265384 5.32247 -0.560886 0.134163 -0.816925 8.52051 0.598345 -0.616264 -0.51202 -0.332908 0 0 0 1
 -0.572148 -0.7760049999999999 0.265384 5.32247 -0.560886 0.134163 -0.816925 8.52051 0.598345 -0.616264 -0.51202 -0.332908 0 0 0 1
 0.884854 -0.171401 -0.433151 4.61941 -0.373873 -0.81597 -0.440875 9.264060000000001 -0.277876 0.552065 -0.786111 -0.166953 0 0 0 1
 -0.105727 -0.562369 -0.820078 5.3793 0.870902 -0.450386 0.196574 8.57856 -0.479909 -0.6934360000000001 0.537396 -0.00246468 0 0 0 1
 -0.7118989999999999 -0.590894 0.379483 5.04139 -0.679536 0.443297 -0.584531 9.17807 0.177177 -0.674013 -0.717129 -0.722318 0 0 0 1
 -0.0168381 0.145966 0.989128 4.34059 0.997297 0.07293379999999999 0.00621369 8.51881 -0.07123640000000001 0.986577 -0.146802 -1.11621 0 0 0 1
 -0.712534 0.494217 -0.498004 4.05583 -0.396556 0.301851 0.866941 9.35408 0.578792 0.815227 -0.0190956 -0.631722 0 0 0 1
 0.339518 0.881121 -0.329116 3.55591 0.121535 -0.388064 -0.91356 9.602309999999999 -0.932694 0.270176 -0.238845 0.24615 0 0 0 1
 -0.980845 -0.07530439999999999 0.179545 4.29987 0.118458 0.501023 0.857264 9.29297 -0.154515 0.862127 -0.482516 -0.432559 0 0 0 1
 -0.538434 0.396162 -0.743713 3.58052 -0.808942 -0.49012 0.324583 10.0392 -0.235924 0.776402 0.58438 -0.335874 0 0 0 1
 0.09579840000000001 0.70009 -0.707573 3.11853 -0.967426 -0.101795 -0.231697 9.21594 -0.23424 0.706734 0.667547 0.0398714 0 0 0 1
 0.618491 -0.291459 0.729715 3.08625 0.471507 0.880534 -0.0479422 8.33961 -0.628579 0.373724 0.682041 0.604322 0 0 0 1
 0.124917 -0.891632 0.435144 3.81071 -0.830591 -0.333859 -0.44566 9.09915 0.5426530000000001 -0.305762 -0.782301 0.663362 0 0 0 1
 -0.409608 -0.029402 0.911766 3.92587 -0.558543 -0.78213 -0.276147 10.0973 0.721255 -0.622384 0.303951 0.753451 0 0 0 1
 0.106996 0.994224 0.00556099 3.10766 0.991993 -0.107129 0.06655079999999999 9.46453 0.06676219999999999 -0.00160402 -0.997746 0.9182169999999999 0 0 0 1
 -0.12286 0.919918 0.372312 2.56614 0.558439 0.374205 -0.740318 8.69092 -0.820371 0.11696 -0.559703 1.26903 0 0 0 1
 0.585902 0.276609 0.761686 3.12708 -0.379055 0.924298 -0.0440878 8.843680000000001 -0.716235 -0.262897 0.646412 0.459238 0 0 0 1
 -0.055486 -0.368527 -0.927937 3.97344 -0.139079 0.923159 -0.358312 8.95383 0.988703 0.109176 -0.102478 -0.128016 0 0 0 1
 0.99904 -0.00921902 -0.0423435 3.42364 0.0368998 -0.331339 0.942765 9.26125 -0.0227224 -0.943443 -0.33069 0.7174779999999999 0 0 0 1
 -0.06582639999999999 0.673278 -0.736426 4.17787 0.542259 -0.59539 -0.592805 9.42151 -0.837602 -0.438365 -0.325905 0.0854688 0 0 0 1
 0.756043 -0.611475 -0.233357 4.33852 -0.316579 -0.0296109 -0.948078 9.377980000000001 0.572829 0.790682 -0.215971 -0.956049 0 0 0 1
 0.8253470000000001 -0.526441 0.204013 4.70934 -0.333084 -0.745775 -0.57691 8.991949999999999 0.455867 0.408208 -0.790889 -0.110731 0 0 0 1
 0.880919 0.0516707 0.470393 5.32549 -0.364741 -0.559161 0.744482 8.336550000000001 0.3015 -0.827419 -0.473741 0.345799 0 0 0 1
 -0.262244 0.0922101 -0.960564 5.55678 0.90949 -0.30905 -0.277968 7.53336 -0.322503 -0.94654 -0.0028168 0.93747 0 0 0 1
 0.43558 0.724736 0.53384 4.91151 -0.450662 -0.337788 0.8262890000000001 8.024039999999999 0.779185 -0.60051 0.179479 0.29261 0 0 0 1
 -0.433972 0.657895 -0.615467 5.06501 -0.6559160000000001 -0.699036 -0.28473 8.95617 -0.61757 0.280137 0.734904 0.645458 0 0 0 1
 -0.7475579999999999 0.451746 0.486867 4.71057 -0.654191 -0.374294 -0.657181 8.039 -0.11465 -0.8098030000000001 0.575349 0.462889 0 0 0 1
 0.686232 -0.0285473 -0.726792 4.33921 0.592674 0.60117 0.535986 7.09676 0.421633 -0.798582 0.429471 0.233426 0 0 0 1
 0.686232 -0.0285473 -0.726792 4.33921 0.592674 0.60117 0.535986 7.09676 0.421633 -0.798582 0.429471 0.233426 0 0 0 1
 0.514828 0.440444 -0.735471 4.71605 0.628642 0.389317 0.673195 7.99947 0.582848 -0.808947 -0.0764527 0.442822 0 0 0 1
 -0.0603435 0.974666 -0.21527 5.04821 0.959649 0.115971 0.256072 8.915900000000001 0.274555 -0.191137 -0.942358 0.654115 0 0 0 1
 -0.0603435 0.974666 -0.21527 5.04821 0.959649 0.115971 0.256072 8.915900000000001 0.274555 -0.191137 -0.942358 0.654115 0 0 0 1
 -0.273733 0.906216 0.322178 5.26104 0.960713 0.241855 0.135966 9.873559999999999 0.0452935 0.346746 -0.936839 0.461321 0 0 0 1
 0.237169 0.103124 -0.965956 5.45509 -0.865889 -0.428315 -0.258326 10.8945 -0.440383 0.897699 -0.0122891 0.503414 0 0 0 1
 0.237169 0.103124 -0.965956 5.45509 -0.865889 -0.428315 -0.258326 10.8945 -0.440383 0.897699 -0.0122891 0.503414 0 0 0 1
 -0.849069 0.49005 0.197199 5.71943 0.38814 0.325559 0.8621529999999999 9.89789 0.358307 0.8085869999999999 -0.466642 0.562585 0 0 0 1
 -0.849069 0.49005 0.197199 5.71943 0.38814 0.325559 0.8621529999999999 9.89789 0.358307 0.8085869999999999 -0.466642 0.562585 0 0 0 1
 -0.849069 0.49005 0.197199 5.71943 0.38814 0.325559 0.8621529999999999 9.89789 0.358307 0.8085869999999999 -0.466642 0.562585 0 0 0 1
 -0.849069 0.49005 0.197199 5.71943 0.38814 0.325559 0.8621529999999999 9.89789 0.358307 0.8085869999999999 -0.466642 0.562585 0 0 0 1
 -0.849069 0.49005 0.197199 5.71943 0.38814 0.325559 0.8621529999999999 9.89789 0.358307 0.8085869999999999 -0.466642 0.562585 0 0 0 1
 -0.849069 0.49005 0.197199 5.71943 0.38814 0.325559 0.8621529999999999 9.89789 0.358307 0.8085869999999999 -0.466642 0.562585 0 0 0 1


