# Created by Octave 4.0.0, Tue Jul 12 17:21:50 2016 BRT <anaritapereira@lasi-xps>
# name: pose_9
# type: matrix
# rows: 251
# columns: 16
 1 0 0 0 0 1 0 0 0 0 1 0 0 0 0 1
 1 0 0 0 0 1 0 0 0 0 1 0 0 0 0 1
 0.141539 0.39468 0.907851 -0.0980639 0.0199084 0.915763 -0.401224 -0.867258 -0.9897319999999999 0.0748629 0.121759 -0.51591 0 0 0 1
 0.141539 0.39468 0.907851 -0.0980639 0.0199084 0.915763 -0.401224 -0.867258 -0.9897319999999999 0.0748629 0.121759 -0.51591 0 0 0 1
 0.141539 0.39468 0.907851 -0.0980639 0.0199084 0.915763 -0.401224 -0.867258 -0.9897319999999999 0.0748629 0.121759 -0.51591 0 0 0 1
 0.91787 0.217538 0.331951 0.170103 -0.165725 0.970071 -0.177474 -0.0225939 -0.360624 0.107886 0.926451 -0.0350219 0 0 0 1
 0.505458 0.0694621 0.86005 0.417608 0.13072 0.979085 -0.155901 0.843601 -0.852892 0.191227 0.485806 0.395109 0 0 0 1
 0.916913 0.38408 0.108407 0.456222 -0.344301 0.89866 -0.271782 -0.0740232 -0.201807 0.211876 0.956233 -0.008122269999999999 0 0 0 1
 0.344583 -0.936953 -0.0581334 0.73704 0.0490755 0.0798204 -0.9956 0.9132710000000001 0.937472 0.340214 0.073486 0.0389264 0 0 0 1
 -0.257004 -0.910454 -0.324069 1.55788 -0.966371 0.245112 0.0777542 0.374449 0.0086414 0.333154 -0.942833 -0.183333 0 0 0 1
 -0.0389621 -0.765908 -0.641767 0.708298 -0.384024 0.6044079999999999 -0.698008 0.890027 0.9225 0.219258 -0.317677 -0.283384 0 0 0 1
 0.907089 -0.418036 -0.0493395 1.40318 -0.390579 -0.879574 0.271655 1.59915 -0.15696 -0.227145 -0.961129 -0.0254603 0 0 0 1
 -0.0808454 0.849343 -0.521613 0.697646 -0.654212 0.349604 0.670658 0.923408 0.751977 0.395465 0.527386 -0.401559 0 0 0 1
 -0.0808454 0.849343 -0.521613 0.697646 -0.654212 0.349604 0.670658 0.923408 0.751977 0.395465 0.527386 -0.401559 0 0 0 1
 0.483573 0.770614 -0.415103 0.187276 -0.870418 0.473394 -0.135165 0.15732 0.0923471 0.426675 0.8996769999999999 -0.803953 0 0 0 1
 0.483573 0.770614 -0.415103 0.187276 -0.870418 0.473394 -0.135165 0.15732 0.0923471 0.426675 0.8996769999999999 -0.803953 0 0 0 1
 0.483573 0.770614 -0.415103 0.187276 -0.870418 0.473394 -0.135165 0.15732 0.0923471 0.426675 0.8996769999999999 -0.803953 0 0 0 1
 0.351461 0.93587 0.0249282 -0.435926 -0.106747 0.0136066 0.994192 -0.205735 0.930096 -0.352081 0.104683 -0.0857922 0 0 0 1
 0.351461 0.93587 0.0249282 -0.435926 -0.106747 0.0136066 0.994192 -0.205735 0.930096 -0.352081 0.104683 -0.0857922 0 0 0 1
 -0.328548 -0.657591 0.677959 0.276835 0.812688 -0.562569 -0.151828 0.331861 0.48124 0.5010869999999999 0.719248 -0.6184770000000001 0 0 0 1
 -0.967289 -0.241835 0.0765927 -0.0608142 0.234006 -0.734078 0.63747 0.793832 -0.0979382 0.6345420000000001 0.766657 -1.4587 0 0 0 1
 -0.496863 0.103878 -0.861589 0.197415 -0.741376 -0.56687 0.359193 0.459207 -0.451097 0.817231 0.35867 -0.553642 0 0 0 1
 -0.496863 0.103878 -0.861589 0.197415 -0.741376 -0.56687 0.359193 0.459207 -0.451097 0.817231 0.35867 -0.553642 0 0 0 1
 -0.496863 0.103878 -0.861589 0.197415 -0.741376 -0.56687 0.359193 0.459207 -0.451097 0.817231 0.35867 -0.553642 0 0 0 1
 0.587241 0.650173 -0.482102 0.264963 -0.599801 -0.0503861 -0.79856 -0.0263762 -0.543494 0.758113 0.360386 0.32141 0 0 0 1
 -0.957391 0.0149161 -0.288406 0.410157 -0.269506 -0.404972 0.873706 -0.42921 -0.103764 0.914206 0.391737 1.22146 0 0 0 1
 -0.910084 0.0509541 -0.411277 0.440933 0.365664 0.565757 -0.739058 -0.638157 0.195025 -0.822994 -0.533519 2.23897 0 0 0 1
 -0.976474 0.00156591 -0.215621 0.353099 -0.189828 -0.480546 0.856176 -0.466455 -0.102276 0.876966 0.469539 1.21791 0 0 0 1
 -0.727041 -0.420535 0.542732 0.331077 0.67126 -0.269247 0.69059 -0.438123 -0.144289 0.866402 0.478043 2.21633 0 0 0 1
 0.08560520000000001 -0.441694 0.89307 0.260413 0.983321 -0.10691 -0.147131 -0.639089 0.160465 0.89077 0.425176 3.19785 0 0 0 1
 0.08560520000000001 -0.441694 0.89307 0.260413 0.983321 -0.10691 -0.147131 -0.639089 0.160465 0.89077 0.425176 3.19785 0 0 0 1
 0.08560520000000001 -0.441694 0.89307 0.260413 0.983321 -0.10691 -0.147131 -0.639089 0.160465 0.89077 0.425176 3.19785 0 0 0 1
 0.935006 -0.149698 0.321481 0.265084 0.343106 0.152678 -0.926804 -0.975167 0.0896583 0.97687 0.194117 4.14343 0 0 0 1
 0.793607 -0.129739 -0.594435 0.184341 -0.53951 0.3016 -0.786106 -1.25295 0.281271 0.944563 0.169356 5.11324 0 0 0 1
 0.194865 0.980743 -0.0128902 -0.364574 -0.6278010000000001 0.134815 0.766608 -1.19988 0.753584 -0.141292 0.641983 6.0019 0 0 0 1
 0.159638 0.982669 0.09419520000000001 0.490558 -0.344309 -0.0340012 0.938239 -0.752239 0.9251819999999999 -0.18221 0.332914 5.73128 0 0 0 1
 0.884065 -0.196226 -0.424171 1.46616 -0.318418 0.411454 -0.853998 -0.732476 0.342104 0.890054 0.30127 5.34521 0 0 0 1
 0.36393 0.48607 -0.794536 0.889109 -0.916113 0.340833 -0.211109 -0.47323 0.168191 0.804714 0.569335 6.13104 0 0 0 1
 -0.19596 0.75181 -0.629585 1.24909 -0.552874 -0.614964 -0.562268 -0.0101098 -0.8098919999999999 0.2379 0.536165 6.93324 0 0 0 1
 -0.219401 0.736105 0.6403180000000001 1.94127 -0.956365 -0.0324734 -0.290359 -0.560499 -0.192942 -0.676083 0.711111 7.45616 0 0 0 1
 -0.219401 0.736105 0.6403180000000001 1.94127 -0.956365 -0.0324734 -0.290359 -0.560499 -0.192942 -0.676083 0.711111 7.45616 0 0 0 1
 -0.540798 -0.837772 -0.07529660000000001 2.90351 0.275007 -0.0915048 -0.957076 -0.409233 0.794923 -0.538293 0.279879 7.16224 0 0 0 1
 -0.6177240000000001 -0.729792 0.292942 2.11357 0.172195 -0.489001 -0.855115 -0.627685 0.767306 -0.477783 0.427735 6.58416 0 0 0 1
 -0.6177240000000001 -0.729792 0.292942 2.11357 0.172195 -0.489001 -0.855115 -0.627685 0.767306 -0.477783 0.427735 6.58416 0 0 0 1
 -0.6177240000000001 -0.729792 0.292942 2.11357 0.172195 -0.489001 -0.855115 -0.627685 0.767306 -0.477783 0.427735 6.58416 0 0 0 1
 -0.6177240000000001 -0.729792 0.292942 2.11357 0.172195 -0.489001 -0.855115 -0.627685 0.767306 -0.477783 0.427735 6.58416 0 0 0 1
 -0.044926 -0.784171 0.61891 1.51813 -0.450583 -0.537034 -0.713138 -1.24332 0.8915999999999999 -0.31091 -0.329208 6.06853 0 0 0 1
 0.643303 -0.368506 0.671086 1.18971 -0.6727300000000001 -0.690533 0.265696 -2.0113 0.365498 -0.622385 -0.692128 5.51361 0 0 0 1
 0.643303 -0.368506 0.671086 1.18971 -0.6727300000000001 -0.690533 0.265696 -2.0113 0.365498 -0.622385 -0.692128 5.51361 0 0 0 1
 0.643303 -0.368506 0.671086 1.18971 -0.6727300000000001 -0.690533 0.265696 -2.0113 0.365498 -0.622385 -0.692128 5.51361 0 0 0 1
 0.643303 -0.368506 0.671086 1.18971 -0.6727300000000001 -0.690533 0.265696 -2.0113 0.365498 -0.622385 -0.692128 5.51361 0 0 0 1
 -0.872679 -0.134382 -0.469431 0.969093 -0.448064 -0.161722 0.87925 -2.1509 -0.194074 0.97764 0.0809194 4.49548 0 0 0 1
 -0.872679 -0.134382 -0.469431 0.969093 -0.448064 -0.161722 0.87925 -2.1509 -0.194074 0.97764 0.0809194 4.49548 0 0 0 1
 -0.469302 -0.223455 0.854293 1.00919 -0.848067 -0.155497 -0.5065539999999999 -1.89545 0.246033 -0.9622270000000001 -0.116529 5.50606 0 0 0 1
 -0.469302 -0.223455 0.854293 1.00919 -0.848067 -0.155497 -0.5065539999999999 -1.89545 0.246033 -0.9622270000000001 -0.116529 5.50606 0 0 0 1
 -0.469302 -0.223455 0.854293 1.00919 -0.848067 -0.155497 -0.5065539999999999 -1.89545 0.246033 -0.9622270000000001 -0.116529 5.50606 0 0 0 1
 -0.85846 -0.33829 0.385486 1.24754 -0.326849 -0.218361 -0.919502 -1.52244 0.395235 -0.915353 0.07688490000000001 6.4093 0 0 0 1
 -0.85846 -0.33829 0.385486 1.24754 -0.326849 -0.218361 -0.919502 -1.52244 0.395235 -0.915353 0.07688490000000001 6.4093 0 0 0 1
 -0.85846 -0.33829 0.385486 1.24754 -0.326849 -0.218361 -0.919502 -1.52244 0.395235 -0.915353 0.07688490000000001 6.4093 0 0 0 1
 -0.658201 -0.322253 0.68038 1.19199 0.606626 0.308181 0.732819 -2.00014 -0.445834 0.895081 -0.00735836 5.48595 0 0 0 1
 -0.54247 -0.7557469999999999 -0.366831 0.755173 -0.500543 -0.0599129 0.863633 -2.30365 -0.674667 0.652112 -0.345784 6.33308 0 0 0 1
 -0.54247 -0.7557469999999999 -0.366831 0.755173 -0.500543 -0.0599129 0.863633 -2.30365 -0.674667 0.652112 -0.345784 6.33308 0 0 0 1
 0.266345 0.940142 0.212567 -0.0359445 -0.171453 -0.170805 0.97027 -2.13038 0.948502 -0.294873 0.115697 6.99559 0 0 0 1
 0.399723 -0.884785 0.239517 0.932908 0.825692 0.234083 -0.513257 -2.20566 0.398056 0.402929 0.8241309999999999 6.61746 0 0 0 1
 0.598182 -0.742437 -0.30159 0.08412360000000001 -0.114132 0.293579 -0.949094 -2.16862 0.7931859999999999 0.602153 0.0908786 7.14503 0 0 0 1
 0.7876649999999999 -0.0786289 0.611059 0.925173 0.448943 -0.605995 -0.6566689999999999 -2.19737 0.421933 0.791568 -0.442022 6.60609 0 0 0 1
 0.564266 0.738259 -0.369551 0.3451 0.419751 -0.641989 -0.641602 -1.38239 -0.710919 0.206915 -0.672139 6.43628 0 0 0 1
 0.564266 0.738259 -0.369551 0.3451 0.419751 -0.641989 -0.641602 -1.38239 -0.710919 0.206915 -0.672139 6.43628 0 0 0 1
 0.564266 0.738259 -0.369551 0.3451 0.419751 -0.641989 -0.641602 -1.38239 -0.710919 0.206915 -0.672139 6.43628 0 0 0 1
 0.93109 0.291346 0.219495 0.893595 0.36278 -0.802474 -0.473729 -2.17143 0.0381201 0.520715 -0.852873 6.14406 0 0 0 1
 0.93109 0.291346 0.219495 0.893595 0.36278 -0.802474 -0.473729 -2.17143 0.0381201 0.520715 -0.852873 6.14406 0 0 0 1
 0.93109 0.291346 0.219495 0.893595 0.36278 -0.802474 -0.473729 -2.17143 0.0381201 0.520715 -0.852873 6.14406 0 0 0 1
 0.93109 0.291346 0.219495 0.893595 0.36278 -0.802474 -0.473729 -2.17143 0.0381201 0.520715 -0.852873 6.14406 0 0 0 1
 0.93109 0.291346 0.219495 0.893595 0.36278 -0.802474 -0.473729 -2.17143 0.0381201 0.520715 -0.852873 6.14406 0 0 0 1
 0.93109 0.291346 0.219495 0.893595 0.36278 -0.802474 -0.473729 -2.17143 0.0381201 0.520715 -0.852873 6.14406 0 0 0 1
 0.93109 0.291346 0.219495 0.893595 0.36278 -0.802474 -0.473729 -2.17143 0.0381201 0.520715 -0.852873 6.14406 0 0 0 1
 0.93109 0.291346 0.219495 0.893595 0.36278 -0.802474 -0.473729 -2.17143 0.0381201 0.520715 -0.852873 6.14406 0 0 0 1
 0.93109 0.291346 0.219495 0.893595 0.36278 -0.802474 -0.473729 -2.17143 0.0381201 0.520715 -0.852873 6.14406 0 0 0 1
 0.253036 -0.0283122 -0.967037 0.99997 0.0970357 0.99527 -0.00374992 -3.16338 0.962573 -0.092889 0.254587 6.46134 0 0 0 1
 -0.135536 -0.140625 0.9807360000000001 0.684648 0.432911 -0.898784 -0.0690448 -2.20127 0.8911829999999999 0.415216 0.182696 6.20256 0 0 0 1
 -0.476976 0.778034 0.408836 -0.285112 0.781068 0.58852 -0.20873 -2.54722 -0.403009 0.21977 -0.888411 6.21807 0 0 0 1
 0.292139 -0.144838 0.945339 0.535313 0.929155 -0.191151 -0.316423 -2.67626 0.226533 0.97081 0.0787346 5.61693 0 0 0 1
 0.983846 -0.0188169 0.177993 0.788422 0.173543 -0.143114 -0.974368 -2.49033 0.0438083 0.989522 -0.137538 4.66287 0 0 0 1
 -0.354812 0.353735 -0.86543 0.509673 0.800154 0.593678 -0.0853918 -2.81648 0.483583 -0.722778 -0.493689 5.61964 0 0 0 1
 -0.354812 0.353735 -0.86543 0.509673 0.800154 0.593678 -0.0853918 -2.81648 0.483583 -0.722778 -0.493689 5.61964 0 0 0 1
 -0.354812 0.353735 -0.86543 0.509673 0.800154 0.593678 -0.0853918 -2.81648 0.483583 -0.722778 -0.493689 5.61964 0 0 0 1
 -0.8654579999999999 0.308008 0.395098 1.12818 -0.0289681 0.7565770000000001 -0.6532559999999999 -2.51114 -0.500133 -0.576813 -0.6458660000000001 4.889 0 0 0 1
 -0.179786 -0.282893 -0.942145 1.77862 -0.528988 -0.779681 0.335053 -2.09685 -0.82936 0.558624 -0.009471210000000001 4.18616 0 0 0 1
 -0.179786 -0.282893 -0.942145 1.77862 -0.528988 -0.779681 0.335053 -2.09685 -0.82936 0.558624 -0.009471210000000001 4.18616 0 0 0 1
 -0.179786 -0.282893 -0.942145 1.77862 -0.528988 -0.779681 0.335053 -2.09685 -0.82936 0.558624 -0.009471210000000001 4.18616 0 0 0 1
 -0.179786 -0.282893 -0.942145 1.77862 -0.528988 -0.779681 0.335053 -2.09685 -0.82936 0.558624 -0.009471210000000001 4.18616 0 0 0 1
 -0.179786 -0.282893 -0.942145 1.77862 -0.528988 -0.779681 0.335053 -2.09685 -0.82936 0.558624 -0.009471210000000001 4.18616 0 0 0 1
 0.891862 0.423633 -0.158449 2.11786 -0.00526869 -0.340562 -0.940202 -2.63133 -0.452264 0.839369 -0.301504 4.96718 0 0 0 1
 0.891862 0.423633 -0.158449 2.11786 -0.00526869 -0.340562 -0.940202 -2.63133 -0.452264 0.839369 -0.301504 4.96718 0 0 0 1
 0.891862 0.423633 -0.158449 2.11786 -0.00526869 -0.340562 -0.940202 -2.63133 -0.452264 0.839369 -0.301504 4.96718 0 0 0 1
 -0.296408 -0.5227309999999999 -0.799301 1.64907 0.13956 -0.8516359999999999 0.505202 -3.49042 -0.944804 0.0381956 0.325385 5.14338 0 0 0 1
 -0.296408 -0.5227309999999999 -0.799301 1.64907 0.13956 -0.8516359999999999 0.505202 -3.49042 -0.944804 0.0381956 0.325385 5.14338 0 0 0 1
 -0.296408 -0.5227309999999999 -0.799301 1.64907 0.13956 -0.8516359999999999 0.505202 -3.49042 -0.944804 0.0381956 0.325385 5.14338 0 0 0 1
 0.979374 0.193908 0.0566931 1.71661 -0.164017 0.92701 -0.337253 -4.51654 -0.117952 0.321 0.939699 5.32312 0 0 0 1
 0.979374 0.193908 0.0566931 1.71661 -0.164017 0.92701 -0.337253 -4.51654 -0.117952 0.321 0.939699 5.32312 0 0 0 1
 0.555352 0.234238 0.797937 1.69507 -0.217126 0.967066 -0.132769 -3.53479 -0.802762 -0.09952 0.587925 5.13458 0 0 0 1
 0.555352 0.234238 0.797937 1.69507 -0.217126 0.967066 -0.132769 -3.53479 -0.802762 -0.09952 0.587925 5.13458 0 0 0 1
 -0.423718 0.801465 0.422023 1.30411 0.0715216 0.494066 -0.866471 -2.61825 -0.902959 -0.336957 -0.266668 4.88723 0 0 0 1
 0.486547 -0.320289 -0.812818 2.2965 -0.486195 -0.872254 0.0526754 -2.32073 -0.7258599999999999 0.369561 -0.58012 4.74649 0 0 0 1
 -0.228783 0.833645 -0.502673 1.31453 -0.116141 -0.536054 -0.836149 -2.28968 -0.966518 -0.132916 0.219461 5.08235 0 0 0 1
 0.796526 -0.256973 0.547264 1.91178 0.0353562 0.923419 0.382144 -3.12098 -0.603558 -0.28504 0.744618 5.3017 0 0 0 1
 -0.0930537 -0.95891 0.267988 1.44612 0.961014 -0.016124 0.276005 -2.21906 -0.260345 0.283225 0.923034 5.07677 0 0 0 1
 -0.0930537 -0.95891 0.267988 1.44612 0.961014 -0.016124 0.276005 -2.21906 -0.260345 0.283225 0.923034 5.07677 0 0 0 1
 -0.0930537 -0.95891 0.267988 1.44612 0.961014 -0.016124 0.276005 -2.21906 -0.260345 0.283225 0.923034 5.07677 0 0 0 1
 -0.583185 0.427314 0.6908570000000001 0.472527 0.395609 0.892191 -0.217889 -2.53983 -0.709489 0.146241 -0.689366 5.26906 0 0 0 1
 -0.643462 0.522403 -0.5594980000000001 1.12513 0.125298 0.792941 0.596265 -1.80213 0.755143 0.313573 -0.575688 5.43751 0 0 0 1
 -0.984926 0.172874 0.00453958 0.716361 0.151141 0.84777 0.508359 -2.68184 0.084033 0.501386 -0.861125 5.16973 0 0 0 1
 -0.984926 0.172874 0.00453958 0.716361 0.151141 0.84777 0.508359 -2.68184 0.084033 0.501386 -0.861125 5.16973 0 0 0 1
 -0.984926 0.172874 0.00453958 0.716361 0.151141 0.84777 0.508359 -2.68184 0.084033 0.501386 -0.861125 5.16973 0 0 0 1
 -0.984926 0.172874 0.00453958 0.716361 0.151141 0.84777 0.508359 -2.68184 0.084033 0.501386 -0.861125 5.16973 0 0 0 1
 -0.0630276 0.219536 -0.97356 1.00958 0.400035 -0.888146 -0.226175 -1.69099 -0.914323 -0.403715 -0.0318453 5.29959 0 0 0 1
 -0.745185 -0.00271884 -0.666842 0.738341 0.346871 -0.8556319999999999 -0.384137 -2.64168 -0.569532 -0.517564 0.638551 5.12845 0 0 0 1
 -0.745185 -0.00271884 -0.666842 0.738341 0.346871 -0.8556319999999999 -0.384137 -2.64168 -0.569532 -0.517564 0.638551 5.12845 0 0 0 1
 -0.745185 -0.00271884 -0.666842 0.738341 0.346871 -0.8556319999999999 -0.384137 -2.64168 -0.569532 -0.517564 0.638551 5.12845 0 0 0 1
 -0.745185 -0.00271884 -0.666842 0.738341 0.346871 -0.8556319999999999 -0.384137 -2.64168 -0.569532 -0.517564 0.638551 5.12845 0 0 0 1
 -0.745185 -0.00271884 -0.666842 0.738341 0.346871 -0.8556319999999999 -0.384137 -2.64168 -0.569532 -0.517564 0.638551 5.12845 0 0 0 1
 -0.745185 -0.00271884 -0.666842 0.738341 0.346871 -0.8556319999999999 -0.384137 -2.64168 -0.569532 -0.517564 0.638551 5.12845 0 0 0 1
 -0.802488 -0.0230593 -0.596211 0.649008 0.0849796 -0.993476 -0.0759594 -1.80383 -0.590575 -0.111622 0.799217 4.58783 0 0 0 1
 -0.170106 -0.0550016 -0.983882 0.844061 -0.296478 -0.949317 0.104327 -1.10083 -0.939761 0.309449 0.145178 3.89342 0 0 0 1
 -0.170106 -0.0550016 -0.983882 0.844061 -0.296478 -0.949317 0.104327 -1.10083 -0.939761 0.309449 0.145178 3.89342 0 0 0 1
 -0.00481883 -0.0924966 -0.995694 1.25885 0.103452 -0.990409 0.09150320000000001 -0.34906 -0.994615 -0.102566 0.0143405 3.36788 0 0 0 1
 -0.00481883 -0.0924966 -0.995694 1.25885 0.103452 -0.990409 0.09150320000000001 -0.34906 -0.994615 -0.102566 0.0143405 3.36788 0 0 0 1
 -0.00481883 -0.0924966 -0.995694 1.25885 0.103452 -0.990409 0.09150320000000001 -0.34906 -0.994615 -0.102566 0.0143405 3.36788 0 0 0 1
 0.303867 -0.0149417 -0.95259 0.813661 -0.144793 -0.9889790000000001 -0.030677 -1.23335 -0.941639 0.147252 -0.302684 3.5233 0 0 0 1
 0.128718 -0.373443 -0.918672 1.2717 -0.0523322 -0.927647 0.369756 -0.356177 -0.990292 0.000482231 -0.13895 3.36639 0 0 0 1
 -0.795635 0.423396 0.433227 0.515452 0.446348 0.893265 -0.0532596 -1.04511 -0.40954 0.150996 -0.899701 3.57273 0 0 0 1
 -0.580135 0.7309290000000001 0.359404 1.20857 0.442891 0.653397 -0.613926 -0.330323 -0.683576 -0.196984 -0.702784 3.45341 0 0 0 1
 -0.236417 0.883081 -0.40529 2.11418 -0.521541 -0.467265 -0.713894 0.037182 -0.819809 0.0426001 0.571036 3.21707 0 0 0 1
 -0.655281 0.75257 0.06504359999999999 3.01538 -0.681352 -0.626043 0.37923 -0.236941 0.326119 0.204187 0.923005 3.55706 0 0 0 1
 0.714968 -0.615742 0.331161 3.93877 -0.36234 0.0787472 0.928706 -0.478116 -0.597924 -0.783994 -0.166807 3.99737 0 0 0 1
 -0.159034 -0.269949 0.949643 4.10096 -0.807097 0.589516 0.0324173 -1.3054 -0.568584 -0.761304 -0.311629 4.55753 0 0 0 1
 -0.523387 0.76966 0.365616 3.72849 0.388619 -0.166238 0.90627 -0.599127 0.758304 0.61642 -0.212099 3.89923 0 0 0 1
 -0.123589 -0.916617 -0.380163 4.71772 0.991495 -0.0983914 -0.0851017 -0.36702 0.0406009 -0.387451 0.920987 4.13111 0 0 0 1
 -0.423472 0.879766 0.216029 3.71269 0.055322 0.263137 -0.963164 -0.6537190000000001 -0.904211 -0.395923 -0.160102 4.04133 0 0 0 1
 -0.0219654 -0.975948 0.21686 4.68484 0.987025 -0.0556715 -0.150561 -0.310395 0.159014 0.21074 0.964515 3.85451 0 0 0 1
 0.175932 0.470337 0.864764 3.76196 0.0937093 -0.882478 0.460908 -0.500503 0.979924 -5.13494e-05 -0.199332 4.27145 0 0 0 1
 -0.71651 -0.670611 -0.192036 4.23976 -0.691209 0.645463 0.324951 -1.40666 -0.0939653 0.36557 -0.92602 4.05318 0 0 0 1
 -0.49445 -0.0578668 0.867269 3.61111 -0.868883 0.00604704 -0.494966 -1.18907 0.0233974 -0.998298 -0.0532684 4.83501 0 0 0 1
 0.125861 0.8650330000000001 0.485655 3.51364 -0.886454 -0.121705 0.44651 -1.34541 0.445356 -0.486712 0.751501 5.81897 0 0 0 1
 -0.399287 0.874165 -0.276384 4.45947 0.368434 0.42904 0.824722 -1.04553 0.8395280000000001 0.227475 -0.493387 5.77053 0 0 0 1
 -0.138781 0.651321 -0.745992 3.57705 -0.632649 0.521223 0.57277 -1.52113 0.761892 0.551446 0.339723 5.72778 0 0 0 1
 -0.597695 0.801569 0.0152279 4.47503 0.176725 0.113202 0.977721 -1.09849 0.781992 0.587075 -0.20932 5.83882 0 0 0 1
 -0.426378 0.841056 0.332882 5.34156 -0.682368 -0.5406530000000001 0.491989 -0.907545 0.593768 -0.0173742 0.804438 6.3096 0 0 0 1
 -0.402796 0.699182 0.590665 6.3274 0.214702 -0.555148 0.803554 -1.01973 0.889742 0.450489 0.0734962 6.43613 0 0 0 1
 -0.604394 0.753919 -0.257488 5.411 0.79514 0.5909140000000001 -0.13623 -0.713817 0.0494466 -0.287077 -0.956622 6.157 0 0 0 1
 -0.244185 -0.766829 -0.593576 6.36665 0.91789 -0.380212 0.113585 -0.423157 -0.312787 -0.517105 0.796712 5.86332 0 0 0 1
 -0.399548 0.439366 -0.804552 5.50489 -0.0672435 -0.889333 -0.452272 -0.97773 -0.914234 -0.126604 0.384878 5.73467 0 0 0 1
 -0.905323 -0.113645 -0.409219 5.30915 -0.0215669 -0.949983 0.311531 -0.00809956 -0.424159 0.290864 0.857596 5.90416 0 0 0 1
 -0.593441 0.564747 -0.573474 5.37129 -0.706684 -0.706631 0.0354085 -1.02585 -0.385241 0.426281 0.818447 5.96101 0 0 0 1
 -0.593441 0.564747 -0.573474 5.37129 -0.706684 -0.706631 0.0354085 -1.02585 -0.385241 0.426281 0.818447 5.96101 0 0 0 1
 -0.43373 0.858073 -0.274904 6.27701 -0.7742019999999999 -0.510987 -0.373478 -1.4386 -0.460948 0.0508438 0.88596 5.85997 0 0 0 1
 -0.738073 0.300563 -0.604065 5.92268 0.670024 0.221202 -0.708604 -1.40384 -0.0793605 -0.927746 -0.364651 6.82134 0 0 0 1
 -0.531872 0.653013 -0.539138 5.19736 0.804446 0.588487 -0.080822 -2.04021 0.2645 -0.476698 -0.83832 7.09546 0 0 0 1
 -0.531872 0.653013 -0.539138 5.19736 0.804446 0.588487 -0.080822 -2.04021 0.2645 -0.476698 -0.83832 7.09546 0 0 0 1
 -0.427904 0.294088 -0.85463 5.49988 0.815701 0.53289 -0.225041 -1.72814 0.389245 -0.793424 -0.467917 8.00864 0 0 0 1
 -0.427904 0.294088 -0.85463 5.49988 0.815701 0.53289 -0.225041 -1.72814 0.389245 -0.793424 -0.467917 8.00864 0 0 0 1
 -0.427904 0.294088 -0.85463 5.49988 0.815701 0.53289 -0.225041 -1.72814 0.389245 -0.793424 -0.467917 8.00864 0 0 0 1
 0.8045330000000001 0.48245 0.34634 5.37482 0.426737 -0.0640289 -0.902097 -1.5175 -0.413043 0.873569 -0.257394 6.99186 0 0 0 1
 0.232334 0.433308 0.870774 5.69581 -0.636378 0.744769 -0.200811 -1.94381 -0.735544 -0.50749 0.448787 7.86999 0 0 0 1
 -0.0435403 -0.973059 0.226367 6.46019 0.105979 0.220803 0.969534 -1.26472 -0.993405 0.066204 0.0935112 7.70647 0 0 0 1
 -0.0435403 -0.973059 0.226367 6.46019 0.105979 0.220803 0.969534 -1.26472 -0.993405 0.066204 0.0935112 7.70647 0 0 0 1
 0.256439 -0.965488 -0.0453153 5.90646 0.224201 0.0138125 0.974436 -0.75822 -0.940187 -0.260046 0.220007 8.373860000000001 0 0 0 1
 0.256439 -0.965488 -0.0453153 5.90646 0.224201 0.0138125 0.974436 -0.75822 -0.940187 -0.260046 0.220007 8.373860000000001 0 0 0 1
 -0.732258 0.153261 0.6635450000000001 4.9257 0.5160360000000001 0.760675 0.39378 -0.570252 -0.444395 0.630767 -0.636103 8.66433 0 0 0 1
 -0.732258 0.153261 0.6635450000000001 4.9257 0.5160360000000001 0.760675 0.39378 -0.570252 -0.444395 0.630767 -0.636103 8.66433 0 0 0 1
 -0.732258 0.153261 0.6635450000000001 4.9257 0.5160360000000001 0.760675 0.39378 -0.570252 -0.444395 0.630767 -0.636103 8.66433 0 0 0 1
 -0.732258 0.153261 0.6635450000000001 4.9257 0.5160360000000001 0.760675 0.39378 -0.570252 -0.444395 0.630767 -0.636103 8.66433 0 0 0 1
 -0.732258 0.153261 0.6635450000000001 4.9257 0.5160360000000001 0.760675 0.39378 -0.570252 -0.444395 0.630767 -0.636103 8.66433 0 0 0 1
 -0.470526 -0.249363 -0.846408 5.45935 0.779084 -0.567753 -0.265834 0.200848 -0.414264 -0.78451 0.46142 9.11819 0 0 0 1
 -0.470526 -0.249363 -0.846408 5.45935 0.779084 -0.567753 -0.265834 0.200848 -0.414264 -0.78451 0.46142 9.11819 0 0 0 1
 -0.0864828 -0.6019600000000001 -0.793818 5.34423 0.803076 0.429405 -0.413115 0.9939249999999999 0.589553 -0.673228 0.446286 9.711220000000001 0 0 0 1
 -0.0864828 -0.6019600000000001 -0.793818 5.34423 0.803076 0.429405 -0.413115 0.9939249999999999 0.589553 -0.673228 0.446286 9.711220000000001 0 0 0 1
 0.499198 -0.549029 -0.670336 4.96655 0.82287 0.542727 0.168275 1.34694 0.271424 -0.635607 0.722712 8.853429999999999 0 0 0 1
 0.499198 -0.549029 -0.670336 4.96655 0.82287 0.542727 0.168275 1.34694 0.271424 -0.635607 0.722712 8.853429999999999 0 0 0 1
 0.325544 0.193787 -0.925446 4.28001 -0.323303 -0.896953 -0.30155 1.89645 -0.888525 0.39737 -0.229349 8.305809999999999 0 0 0 1
 -0.935277 -0.100153 0.339424 4.2768 -0.22647 0.906389 -0.356585 0.954802 -0.27194 -0.410378 -0.870413 8.748860000000001 0 0 0 1
 -0.230916 0.332416 0.914417 4.26295 -0.645362 0.650992 -0.399625 0.0786475 -0.7281260000000001 -0.682415 0.0642055 9.23451 0 0 0 1
 -0.473822 -0.880593 0.00559121 5.11624 0.382661 -0.200173 0.901934 0.5243949999999999 -0.793123 0.429498 0.431819 8.84329 0 0 0 1
 -0.062355 0.268717 0.961189 4.41962 -0.994314 0.0664763 -0.08308749999999999 0.398247 -0.0862243 -0.960912 0.263046 9.609360000000001 0 0 0 1
 -0.344065 -0.920194 -0.186664 5.15967 -0.602776 0.0640462 0.7953249999999999 0.721361 -0.719905 0.386162 -0.576712 8.95513 0 0 0 1
 0.24994 -0.336749 -0.907806 5.93965 -0.919332 -0.37678 -0.113349 0.455894 -0.303875 0.862912 -0.403761 8.38486 0 0 0 1
 0.738087 0.665772 -0.109349 5.46476 -0.207692 0.0700036 -0.975678 0.706276 -0.641927 0.742852 0.189945 7.52903 0 0 0 1
 0.90521 -0.379119 -0.191951 5.93983 -0.0857281 -0.6053460000000001 0.7913210000000001 0.975441 -0.416204 -0.699862 -0.580471 8.41689 0 0 0 1
 0.90521 -0.379119 -0.191951 5.93983 -0.0857281 -0.6053460000000001 0.7913210000000001 0.975441 -0.416204 -0.699862 -0.580471 8.41689 0 0 0 1
 0.5662239999999999 -0.634486 -0.5261169999999999 5.30687 -0.823864 -0.416385 -0.384519 0.748267 0.0249054 0.651177 -0.758504 7.65295 0 0 0 1
 0.756526 -0.501158 0.42011 4.71205 -0.426532 -0.865104 -0.263908 0.645023 0.495703 0.0204625 -0.868239 8.46909 0 0 0 1
 0.108759 0.985044 -0.133577 3.6893 0.319205 0.09265180000000001 0.943137 0.443601 0.941414 -0.145213 -0.304357 8.513909999999999 0 0 0 1
 0.108759 0.985044 -0.133577 3.6893 0.319205 0.09265180000000001 0.943137 0.443601 0.941414 -0.145213 -0.304357 8.513909999999999 0 0 0 1
 0.108759 0.985044 -0.133577 3.6893 0.319205 0.09265180000000001 0.943137 0.443601 0.941414 -0.145213 -0.304357 8.513909999999999 0 0 0 1
 -0.785933 -0.0470673 0.616503 3.60178 0.298357 -0.902191 0.311476 1.39408 0.541546 0.42874 0.7231109999999999 8.14296 0 0 0 1
 -0.946624 0.299203 -0.119843 3.96169 -0.321593 -0.85197 0.413168 0.759838 0.0215166 0.429659 0.902724 8.82348 0 0 0 1
 -0.946624 0.299203 -0.119843 3.96169 -0.321593 -0.85197 0.413168 0.759838 0.0215166 0.429659 0.902724 8.82348 0 0 0 1
 -0.946624 0.299203 -0.119843 3.96169 -0.321593 -0.85197 0.413168 0.759838 0.0215166 0.429659 0.902724 8.82348 0 0 0 1
 -0.946624 0.299203 -0.119843 3.96169 -0.321593 -0.85197 0.413168 0.759838 0.0215166 0.429659 0.902724 8.82348 0 0 0 1
 -0.877511 -0.471472 -0.0875768 4.21626 0.107751 -0.0159046 -0.994042 0.5997169999999999 0.467273 -0.881727 0.0647582 9.817449999999999 0 0 0 1
 -0.190547 0.185653 0.963954 3.92258 0.97599 -0.0696369 0.206339 0.8536899999999999 0.105435 0.980135 -0.167926 8.84783 0 0 0 1
 -0.9534629999999999 -0.220207 -0.205911 4.08327 0.00356238 0.674715 -0.738058 0.523498 0.301458 -0.70445 -0.642536 9.82469 0 0 0 1
 -0.21296 0.6909149999999999 -0.690845 4.01002 -0.512093 -0.681095 -0.523308 1.29009 -0.832099 0.242336 0.498862 9.12674 0 0 0 1
 -0.963159 0.119973 -0.240653 4.78088 0.122544 -0.600773 -0.78996 0.7965179999999999 -0.239355 -0.790353 0.5639420000000001 9.528790000000001 0 0 0 1
 -0.880901 -0.192352 0.432431 4.62958 -0.23488 -0.615545 -0.752275 1.64463 0.410884 -0.764255 0.497059 10.035 0 0 0 1
 -0.7932670000000001 -0.5395219999999999 -0.282179 4.74908 -0.607676 0.730448 0.3117 0.849056 0.0379481 0.418737 -0.907303 9.36477 0 0 0 1
 0.487763 0.767047 0.416783 5.18221 -0.303714 -0.298494 0.904788 1.48036 0.818429 -0.567908 0.087369 10.0766 0 0 0 1
 0.487763 0.767047 0.416783 5.18221 -0.303714 -0.298494 0.904788 1.48036 0.818429 -0.567908 0.087369 10.0766 0 0 0 1
 0.153363 0.711939 -0.685276 5.88718 0.703569 0.408277 0.581619 1.75128 0.693865 -0.571342 -0.438289 9.42141 0 0 0 1
 0.709444 -0.596028 0.376058 6.82691 0.00554657 -0.528863 -0.848677 1.80457 0.704726 0.604179 -0.371894 8.969849999999999 0 0 0 1
 0.895871 -0.238451 0.374882 6.57508 0.399831 0.0647857 -0.914285 2.35323 0.193728 0.968979 0.153383 8.153449999999999 0 0 0 1
 0.895871 -0.238451 0.374882 6.57508 0.399831 0.0647857 -0.914285 2.35323 0.193728 0.968979 0.153383 8.153449999999999 0 0 0 1
 -0.511188 0.0721545 -0.856422 6.28016 0.106693 0.994079 0.0200687 1.91341 0.852806 -0.0811168 -0.515866 9.062749999999999 0 0 0 1
 -0.842354 -0.112469 -0.527037 6.27841 -0.205444 0.9711340000000001 0.121119 1.01893 0.498205 0.210302 -0.841154 9.509840000000001 0 0 0 1
 -0.940147 -0.296233 0.168371 6.25258 0.190334 -0.866418 -0.461596 2.04478 0.28262 -0.401924 0.870953 9.703340000000001 0 0 0 1
 -0.136231 -0.182309 -0.973746 6.06081 0.412134 -0.904246 0.111637 1.1273 -0.900868 -0.386109 0.198322 9.35304 0 0 0 1
 -0.572885 0.0393855 0.818675 5.67683 -0.321906 0.907761 -0.268932 0.188116 -0.753762 -0.417608 -0.507368 9.08032 0 0 0 1
 -0.654494 0.0574613 -0.753865 5.9005 0.329429 0.919142 -0.215946 1.06604 0.6805060000000001 -0.389685 -0.62051 8.66184 0 0 0 1
 0.9023600000000001 0.298632 0.310711 6.13234 0.376788 -0.896639 -0.232478 1.93911 0.209174 0.326856 -0.921621 8.12809 0 0 0 1
 0.320336 -0.175085 0.930971 6.39016 0.138559 -0.96353 -0.228885 0.972755 0.937103 0.202317 -0.284394 8.072319999999999 0 0 0 1
 0.7511100000000001 0.229306 -0.619055 6.1423 -0.45 0.863951 -0.225975 -0.0436244 0.483023 0.44831 0.752117 8.083220000000001 0 0 0 1
 -0.72632 0.0544628 -0.685178 6.10685 -0.448072 0.7184 0.53208 0.921494 0.521215 0.693476 -0.497392 8.351749999999999 0 0 0 1
 0.661252 0.591399 -0.461485 6.08025 -0.132943 0.697836 0.7037949999999999 1.88565 0.738274 -0.404038 0.540072 8.667160000000001 0 0 0 1
 -0.120827 -0.14663 -0.981773 6.42099 0.430327 0.883517 -0.184915 2.61588 0.894535 -0.444831 -0.0436562 8.070360000000001 0 0 0 1
 -0.753956 0.388222 -0.529917 5.95243 -0.532567 -0.833493 0.1471 3.23398 -0.384579 0.393129 0.835178 7.36618 0 0 0 1
 -0.891353 0.345583 0.293325 5.57857 0.246406 -0.173728 0.953456 3.778 0.380459 0.922153 0.0697 6.61756 0 0 0 1
 -0.8170770000000001 0.560914 0.133181 6.13839 -0.0816856 -0.341319 0.936379 3.33094 0.570689 0.754224 0.324706 7.32463 0 0 0 1
 -0.435394 -0.524745 -0.731472 6.65039 0.363301 0.641005 -0.6760930000000001 3.03974 0.823661 -0.560118 -0.0884513 8.183949999999999 0 0 0 1
 -0.00874364 0.371507 0.928377 6.14231 0.83991 -0.501084 0.208429 3.60108 0.542633 0.7815839999999999 -0.307652 7.46732 0 0 0 1
 -0.00874364 0.371507 0.928377 6.14231 0.83991 -0.501084 0.208429 3.60108 0.542633 0.7815839999999999 -0.307652 7.46732 0 0 0 1
 -0.8680639999999999 0.481242 0.121853 6.68217 -0.279629 -0.676814 0.68096 3.08217 0.410181 0.55705 0.722095 8.13026 0 0 0 1
 -0.8680639999999999 0.481242 0.121853 6.68217 -0.279629 -0.676814 0.68096 3.08217 0.410181 0.55705 0.722095 8.13026 0 0 0 1
 -0.534168 -0.584618 -0.610627 7.27653 0.136811 0.653008 -0.744876 2.51071 0.834219 -0.481435 -0.268837 8.7675 0 0 0 1
 -0.899831 0.341374 0.271562 6.76798 -0.0899973 -0.754427 0.6501670000000001 3.24707 0.426826 0.560606 0.709587 8.23292 0 0 0 1
 0.0794812 0.402944 0.911755 6.47412 0.515114 -0.799663 0.308502 4.13753 0.853414 0.445143 -0.271121 7.87895 0 0 0 1
 -0.156979 -0.5245030000000001 0.836799 7.19781 0.33286 -0.8258259999999999 -0.455182 3.46125 0.929804 0.207084 0.304228 8.087759999999999 0 0 0 1
 -0.156979 -0.5245030000000001 0.836799 7.19781 0.33286 -0.8258259999999999 -0.455182 3.46125 0.929804 0.207084 0.304228 8.087759999999999 0 0 0 1
 -0.0793948 0.782145 -0.618 6.64967 -0.244197 0.585806 0.772771 2.57281 0.966457 0.212271 0.144487 8.02046 0 0 0 1
 0.631063 0.688236 -0.357867 6.15342 -0.728931 0.683917 0.0298834 1.7043 0.265322 0.242005 0.93328 7.93959 0 0 0 1
 0.474576 -0.322504 -0.8189920000000001 6.66755 0.109146 -0.9017039999999999 0.41832 2.62043 -0.873406 -0.287918 -0.392733 7.95693 0 0 0 1
 0.887057 -0.198415 0.416821 6.18979 -0.194241 -0.979514 -0.0528914 1.74174 0.418782 -0.0340466 -0.907433 7.93384 0 0 0 1
 0.887057 -0.198415 0.416821 6.18979 -0.194241 -0.979514 -0.0528914 1.74174 0.418782 -0.0340466 -0.907433 7.93384 0 0 0 1
 -0.83975 0.0328066 -0.541961 5.67335 0.268049 0.893089 -0.361272 0.841154 0.47217 -0.448655 -0.7587739999999999 8.04655 0 0 0 1
 -0.762025 -0.0705277 0.643678 5.73989 -0.62729 0.326991 -0.706794 1.44386 -0.160632 -0.942378 -0.293418 7.25373 0 0 0 1
 -0.762025 -0.0705277 0.643678 5.73989 -0.62729 0.326991 -0.706794 1.44386 -0.160632 -0.942378 -0.293418 7.25373 0 0 0 1
 -0.156248 0.34926 -0.923895 6.21006 -0.786699 -0.609585 -0.09739639999999999 1.78387 -0.597216 0.7116170000000001 0.370011 6.38839 0 0 0 1
 -0.156248 0.34926 -0.923895 6.21006 -0.786699 -0.609585 -0.09739639999999999 1.78387 -0.597216 0.7116170000000001 0.370011 6.38839 0 0 0 1
 -0.156248 0.34926 -0.923895 6.21006 -0.786699 -0.609585 -0.09739639999999999 1.78387 -0.597216 0.7116170000000001 0.370011 6.38839 0 0 0 1
 -0.156248 0.34926 -0.923895 6.21006 -0.786699 -0.609585 -0.09739639999999999 1.78387 -0.597216 0.7116170000000001 0.370011 6.38839 0 0 0 1
 0.511175 0.520034 -0.684283 6.37457 -0.595757 -0.359455 -0.71822 1.4108 -0.6194730000000001 0.7748119999999999 0.126068 7.30204 0 0 0 1
 -0.32345 -0.494744 -0.806589 6.44406 -0.538424 -0.604726 0.586838 2.0809 -0.77811 0.624105 -0.0707864 6.55629 0 0 0 1


