# Created by Octave 4.0.0, Thu Jul 14 14:17:39 2016 BRT <anaritapereira@lasi-xps>
# name: l_0
# type: scalar
-6.197551369575061


# name: l_12
# type: scalar
-10.55396995574517


# name: l_3
# type: scalar
-7.33522275586835


# name: l_6
# type: scalar
-8.768229594562095


# name: l_9
# type: scalar
-9.277774711010151


# name: pose_0
# type: matrix
# rows: 186
# columns: 16
 0.947163 0.00113583 -0.32075 0.708159 -0.157487 0.8728050000000001 -0.461961 -0.384448 0.279428 0.488067 0.826868 -0.5994390000000001 0 0 0 1
 0.953321 -0.0158715 -0.30154 -0.0880185 -0.117262 0.900784 -0.418136 -0.968652 0.278259 0.433977 0.8568750000000001 -0.436379 0 0 0 1
 0.955241 -0.011956 -0.295588 0.795137 -0.162076 0.814729 -0.556729 -0.68818 0.24748 0.579719 0.776324 -0.812202 0 0 0 1
 0.955241 -0.011956 -0.295588 0.795137 -0.162076 0.814729 -0.556729 -0.68818 0.24748 0.579719 0.776324 -0.812202 0 0 0 1
 0.955241 -0.011956 -0.295588 0.795137 -0.162076 0.814729 -0.556729 -0.68818 0.24748 0.579719 0.776324 -0.812202 0 0 0 1
 0.955241 -0.011956 -0.295588 0.795137 -0.162076 0.814729 -0.556729 -0.68818 0.24748 0.579719 0.776324 -0.812202 0 0 0 1
 0.933123 0.136981 -0.332441 1.68726 -0.331358 0.68654 -0.647197 -1.05943 0.13958 0.714072 0.686015 -1.0613 0 0 0 1
 -0.24065 -0.937222 -0.252393 2.48817 -0.169665 0.29665 -0.939793 -1.59529 0.955667 -0.183339 -0.230404 -1.45216 0 0 0 1
 -0.139287 -0.940568 -0.309724 3.32312 -0.182039 0.331764 -0.925631 -1.98277 0.973375 -0.0725465 -0.217432 -1.06907 0 0 0 1
 -0.0254097 -0.94195 -0.334788 2.98067 -0.204162 0.332727 -0.9206569999999999 -1.72973 0.978607 0.0449576 -0.200766 -0.162817 0 0 0 1
 0.05796 -0.9555670000000001 -0.289015 3.59568 -0.225472 0.269491 -0.936235 -1.76468 0.9725240000000001 0.119429 -0.199835 0.623081 0 0 0 1
 0.07793940000000001 -0.954058 -0.289304 3.80032 -0.25121 0.262029 -0.93179 -1.90564 0.964789 0.145299 -0.219248 1.59172 0 0 0 1
 0.0453727 -0.954318 -0.295323 3.92976 -0.233832 0.277268 -0.931903 -2.20958 0.971217 0.111339 -0.210571 2.53567 0 0 0 1
 0.00599696 -0.956917 -0.290297 4.06644 -0.142196 0.286536 -0.947458 -2.22902 0.98982 0.0469611 -0.134352 3.52569 0 0 0 1
 -0.0364676 -0.944312 -0.327022 4.50773 -0.122923 0.328992 -0.936297 -2.58766 0.991745 0.00605446 -0.128077 4.34916 0 0 0 1
 -0.0448657 -0.939257 -0.340267 4.94194 -0.108844 0.343178 -0.932942 -3.04132 0.993045 -0.0048206 -0.117631 5.12774 0 0 0 1
 0.118971 -0.9333669999999999 -0.338628 4.26404 -0.164157 0.317866 -0.933816 -2.66267 0.979233 0.166686 -0.115402 5.76486 0 0 0 1
 0.13073 -0.936002 -0.326812 4.35397 -0.267186 0.284181 -0.9207880000000001 -3.01839 0.954735 0.207695 -0.212937 6.69466 0 0 0 1
 0.119047 -0.934613 -0.335147 4.5872 -0.185625 0.310645 -0.9322240000000001 -3.73125 0.9753810000000001 0.17319 -0.136507 7.35821 0 0 0 1
 0.124402 -0.938307 -0.322645 4.83052 -0.218204 0.291339 -0.9314 -4.04779 0.9679410000000001 0.186271 -0.1685 8.274900000000001 0 0 0 1
 0.103396 -0.947476 -0.302647 5.38833 -0.244634 0.270706 -0.9310580000000001 -4.45128 0.964086 0.170305 -0.203796 9.000360000000001 0 0 0 1
 0.270189 -0.9156029999999999 -0.297767 5.79835 -0.121966 0.274228 -0.953897 -5.10766 0.95505 0.294051 -0.0375798 9.63452 0 0 0 1
 0.444468 -0.852747 -0.274348 6.08899 -0.138012 0.237417 -0.961552 -5.08883 0.8850980000000001 0.465243 -0.0121661 10.5918 0 0 0 1
 0.444468 -0.852747 -0.274348 6.08899 -0.138012 0.237417 -0.961552 -5.08883 0.8850980000000001 0.465243 -0.0121661 10.5918 0 0 0 1
 0.361333 -0.926581 -0.104314 6.39735 -0.0698787 0.084648 -0.993956 -5.28974 0.929813 0.366439 -0.0341629 9.659230000000001 0 0 0 1
 0.373958 -0.92705 0.0269862 7.11227 -0.0578148 -0.0523436 -0.996953 -5.1462 0.92564 0.371259 -0.0731723 10.3431 0 0 0 1
 0.528721 -0.8486399999999999 0.0161188 7.5271 -0.0496747 -0.049896 -0.997517 -4.95042 0.84734 0.526608 -0.06853769999999999 11.232 0 0 0 1
 0.6455689999999999 -0.763637 -0.00976161 7.86876 -0.0554742 -0.0341423 -0.997875 -4.76202 0.761683 0.644739 -0.064404 12.1541 0 0 0 1
 0.704357 -0.709577 -0.0194114 8.121040000000001 -0.0614594 -0.0337192 -0.997539 -4.6187 0.707178 0.703817 -0.0673613 13.1124 0 0 0 1
 0.733531 -0.678214 -0.0441834 8.686159999999999 -0.09104230000000001 -0.03363 -0.995278 -4.50247 0.673528 0.734091 -0.0864156 13.9298 0 0 0 1
 0.727335 -0.681907 -0.07734099999999999 9.45748 -0.121151 -0.016656 -0.992493 -4.56575 0.675501 0.731246 -0.0947293 14.5631 0 0 0 1
 0.708676 -0.697209 -0.108044 10.0327 -0.150726 -1.0768e-05 -0.988575 -4.7313 0.6892430000000001 0.716865 -0.105096 15.364 0 0 0 1
 0.656863 -0.750818 -0.06926110000000001 10.8344 -0.11309 -0.00728609 -0.993557 -4.795 0.745478 0.660465 -0.0896966 15.9588 0 0 0 1
 0.636939 -0.765551 -0.0907544 11.687 -0.131568 0.008047439999999999 -0.991274 -4.83817 0.759602 0.643321 -0.095597 16.4801 0 0 0 1
 0.619648 -0.780679 -0.0810592 12.4619 -0.101924 0.0223633 -0.99454 -4.99403 0.778231 0.6245270000000001 -0.0657133 17.093 0 0 0 1
 0.659705 -0.747474 -0.07788539999999999 13.0308 -0.11616 0.000971265 -0.993229 -5.12591 0.742491 0.664286 -0.08618629999999999 17.9049 0 0 0 1
 0.710544 -0.701195 -0.0587203 13.5459 -0.0992909 -0.0172995 -0.994907 -5.36348 0.69661 0.7127559999999999 -0.081915 18.7291 0 0 0 1
 0.760015 -0.646734 -0.06408419999999999 14.1494 -0.102628 -0.0220643 -0.994474 -5.01235 0.641749 0.762392 -0.08314299999999999 19.4455 0 0 0 1
 0.760015 -0.646734 -0.06408419999999999 14.1494 -0.102628 -0.0220643 -0.994474 -5.01235 0.641749 0.762392 -0.08314299999999999 19.4455 0 0 0 1
 0.760015 -0.646734 -0.06408419999999999 14.1494 -0.102628 -0.0220643 -0.994474 -5.01235 0.641749 0.762392 -0.08314299999999999 19.4455 0 0 0 1
 0.760015 -0.646734 -0.06408419999999999 14.1494 -0.102628 -0.0220643 -0.994474 -5.01235 0.641749 0.762392 -0.08314299999999999 19.4455 0 0 0 1
 0.760015 -0.646734 -0.06408419999999999 14.1494 -0.102628 -0.0220643 -0.994474 -5.01235 0.641749 0.762392 -0.08314299999999999 19.4455 0 0 0 1
 0.717565 0.648768 0.253368 14.8568 0.317817 -0.628698 0.709739 -4.86853 0.61975 -0.42876 -0.657322 20.1367 0 0 0 1
 0.633366 0.75863 0.152715 14.6258 0.486241 -0.543664 0.684104 -5.63082 0.60201 -0.359032 -0.713216 19.5272 0 0 0 1
 0.545961 0.82438 0.149396 15.2478 0.548732 -0.4866 0.6797879999999999 -4.99209 0.6331020000000001 -0.289159 -0.718029 19.9803 0 0 0 1
 0.495169 0.858116 0.135785 15.9603 0.578029 -0.442079 0.685891 -4.5385 0.648604 -0.261145 -0.714921 20.5166 0 0 0 1
 0.493961 0.864967 0.08848300000000001 16.8193 0.671393 -0.444107 0.593296 -5.00216 0.5524790000000001 -0.233658 -0.800105 20.7428 0 0 0 1
 0.485552 0.870877 0.076194 17.6381 0.710999 -0.444113 0.545199 -5.04466 0.508643 -0.210548 -0.834834 21.3172 0 0 0 1
 0.406592 0.896777 0.174551 18.156 0.782185 -0.440416 0.440703 -4.54289 0.47209 -0.0426537 -0.880516 22.0115 0 0 0 1
 0.390022 0.906464 0.161867 18.6823 0.798923 -0.420529 0.42997 -3.90925 0.457824 -0.0383772 -0.888212 22.5789 0 0 0 1
 0.390288 0.907839 0.153291 19.1576 0.794897 -0.416268 0.441426 -3.20088 0.464557 -0.0504311 -0.884104 23.1007 0 0 0 1
 0.421065 0.894427 0.150663 19.5631 0.7972900000000001 -0.444178 0.408695 -2.55867 0.432472 -0.0519639 -0.900146 23.7515 0 0 0 1
 0.403219 0.906489 0.125239 19.5841 0.828554 -0.419746 0.370552 -1.8208 0.388472 -0.0456451 -0.920327 24.4265 0 0 0 1
 0.318882 0.935121 0.154459 19.9404 0.851372 -0.354227 0.386893 -1.23385 0.416508 0.00813006 -0.909094 25.1534 0 0 0 1
 0.318882 0.935121 0.154459 19.9404 0.851372 -0.354227 0.386893 -1.23385 0.416508 0.00813006 -0.909094 25.1534 0 0 0 1
 0.149783 0.976534 0.154727 20.2358 0.898648 -0.199719 0.390565 -0.5386649999999999 0.412304 0.0805471 -0.9074759999999999 25.8097 0 0 0 1
 0.304763 0.952411 0.00515208 20.0148 0.8630989999999999 -0.278463 0.421326 -1.20839 0.402712 -0.123957 -0.906892 25.1005 0 0 0 1
 0.352177 0.881713 0.313924 19.8732 0.672672 -0.471667 0.570124 -0.595515 0.650756 0.0103846 -0.7592140000000001 25.875 0 0 0 1
 0.218983 0.91344 0.343028 20.0039 0.731177 -0.386412 0.562196 -0.174111 0.646084 0.127704 -0.752504 26.7724 0 0 0 1
 0.0912197 0.935405 0.3416 20.8813 0.772584 -0.282913 0.568395 -0.145004 0.628324 0.212068 -0.748486 27.259 0 0 0 1
 0.0912197 0.935405 0.3416 20.8813 0.772584 -0.282913 0.568395 -0.145004 0.628324 0.212068 -0.748486 27.259 0 0 0 1
 -0.0466485 0.919997 0.389132 21.7134 0.8260150000000001 -0.18353 0.53293 -0.103572 0.561713 0.346292 -0.75137 27.8206 0 0 0 1
 -0.073076 0.918035 0.3897 21.7793 0.8424739999999999 -0.152299 0.51676 0.55623 0.533755 0.366077 -0.762292 28.5696 0 0 0 1
 -0.09285690000000001 0.912681 0.397977 21.0858 0.840547 -0.1424 0.522686 1.26583 0.5337190000000001 0.383056 -0.753928 28.4481 0 0 0 1
 -0.00716706 0.917598 0.397437 21.0351 0.846007 -0.206329 0.491627 1.80583 0.53312 0.339761 -0.774817 29.2882 0 0 0 1
 0.0211657 0.906507 0.421653 21.5697 0.852228 -0.236873 0.466473 2.47039 0.52274 0.349473 -0.777565 29.8095 0 0 0 1
 0.150588 0.891663 0.426913 21.5435 0.821012 -0.353351 0.448419 3.01079 0.550691 0.282976 -0.785277 30.6503 0 0 0 1
 0.150588 0.891663 0.426913 21.5435 0.821012 -0.353351 0.448419 3.01079 0.550691 0.282976 -0.785277 30.6503 0 0 0 1
 0.2527 0.871278 0.420726 21.8828 0.788341 -0.437515 0.432547 3.45042 0.560944 0.222373 -0.797426 31.4807 0 0 0 1
 0.2527 0.871278 0.420726 21.8828 0.788341 -0.437515 0.432547 3.45042 0.560944 0.222373 -0.797426 31.4807 0 0 0 1
 0.2527 0.871278 0.420726 21.8828 0.788341 -0.437515 0.432547 3.45042 0.560944 0.222373 -0.797426 31.4807 0 0 0 1
 0.2527 0.871278 0.420726 21.8828 0.788341 -0.437515 0.432547 3.45042 0.560944 0.222373 -0.797426 31.4807 0 0 0 1
 0.2527 0.871278 0.420726 21.8828 0.788341 -0.437515 0.432547 3.45042 0.560944 0.222373 -0.797426 31.4807 0 0 0 1
 0.2527 0.871278 0.420726 21.8828 0.788341 -0.437515 0.432547 3.45042 0.560944 0.222373 -0.797426 31.4807 0 0 0 1
 0.291875 0.868575 0.400476 22.5971 0.7733640000000001 -0.460685 0.435517 4.02833 0.562773 0.182599 -0.806188 31.8738 0 0 0 1
 0.316374 0.866447 0.386226 22.6429 0.788663 -0.466493 0.400491 4.95808 0.527178 0.177899 -0.830922 32.2389 0 0 0 1
 0.35599 0.8728669999999999 0.333718 22.8505 0.769205 -0.476493 0.425767 5.56744 0.530653 0.10513 -0.841041 33.0041 0 0 0 1
 0.393312 0.852341 0.344693 23.2051 0.757192 -0.512949 0.404403 6.25031 0.521501 0.101944 -0.847136 33.6428 0 0 0 1
 0.406966 0.837249 0.365221 23.5136 0.747098 -0.535142 0.394291 7.11081 0.525567 0.112395 -0.843293 34.0485 0 0 0 1
 0.362874 0.839765 0.403871 23.553 0.738744 -0.523424 0.424598 8.07719 0.567959 0.144283 -0.8103089999999999 34.3024 0 0 0 1
 0.319386 0.858904 0.400339 23.6737 0.756474 -0.485534 0.438179 8.80447 0.570733 0.1629 -0.804813 34.9777 0 0 0 1
 0.316937 0.876247 0.362955 24.0226 0.776189 -0.459551 0.431672 9.46053 0.545049 0.144911 -0.825783 35.6471 0 0 0 1
 0.320423 0.859349 0.398548 24.334 0.717744 -0.494823 0.489889 10.2833 0.618198 0.129086 -0.775347 36.1233 0 0 0 1
 0.321372 0.8812759999999999 0.346503 24.4728 0.721585 -0.464859 0.513047 10.9733 0.613214 0.0851537 -0.785311 36.8337 0 0 0 1
 0.300854 0.893465 0.333466 24.7655 0.740897 -0.439139 0.508158 11.3674 0.600461 0.0941838 -0.794085 37.7053 0 0 0 1
 0.204744 0.922031 0.328529 25.462 0.686473 -0.374519 0.623287 11.818 0.697732 0.0979138 -0.709632 38.2658 0 0 0 1
 0.204744 0.922031 0.328529 25.462 0.686473 -0.374519 0.623287 11.818 0.697732 0.0979138 -0.709632 38.2658 0 0 0 1
 0.204744 0.922031 0.328529 25.462 0.686473 -0.374519 0.623287 11.818 0.697732 0.0979138 -0.709632 38.2658 0 0 0 1
 0.204744 0.922031 0.328529 25.462 0.686473 -0.374519 0.623287 11.818 0.697732 0.0979138 -0.709632 38.2658 0 0 0 1
 0.204744 0.922031 0.328529 25.462 0.686473 -0.374519 0.623287 11.818 0.697732 0.0979138 -0.709632 38.2658 0 0 0 1
 0.204744 0.922031 0.328529 25.462 0.686473 -0.374519 0.623287 11.818 0.697732 0.0979138 -0.709632 38.2658 0 0 0 1
 0.204744 0.922031 0.328529 25.462 0.686473 -0.374519 0.623287 11.818 0.697732 0.0979138 -0.709632 38.2658 0 0 0 1
 0.204744 0.922031 0.328529 25.462 0.686473 -0.374519 0.623287 11.818 0.697732 0.0979138 -0.709632 38.2658 0 0 0 1
 0.204744 0.922031 0.328529 25.462 0.686473 -0.374519 0.623287 11.818 0.697732 0.0979138 -0.709632 38.2658 0 0 0 1
 0.204744 0.922031 0.328529 25.462 0.686473 -0.374519 0.623287 11.818 0.697732 0.0979138 -0.709632 38.2658 0 0 0 1
 0.204744 0.922031 0.328529 25.462 0.686473 -0.374519 0.623287 11.818 0.697732 0.0979138 -0.709632 38.2658 0 0 0 1
 -0.281986 -0.953591 0.105546 25.1598 0.0130631 0.106184 0.994259 12.2911 -0.959327 0.281746 -0.0174856 39.1516 0 0 0 1
 -0.0773296 -0.988259 0.131744 24.7217 0.0369823 0.129205 0.990926 11.9445 -0.996317 0.0814993 0.0265567 38.3195 0 0 0 1
 0.0782075 -0.976922 0.198742 25.0205 0.0704172 0.204267 0.9763770000000001 11.5521 -0.994444 -0.0623667 0.0847673 37.4507 0 0 0 1
 0.147756 -0.987612 0.0527377 25.0327 0.00226341 0.0536596 0.998555 11.2181 -0.989018 -0.147425 0.0101634 36.5088 0 0 0 1
 0.368032 -0.929597 -0.0198234 24.2289 -0.0597291 -0.0449131 0.997202 11.3268 -0.927889 -0.365821 -0.0720543 35.9123 0 0 0 1
 0.484838 -0.873822 -0.0368648 24.5953 -0.0615679 -0.0761471 0.995192 10.9493 -0.87243 -0.48024 -0.09071949999999999 35.0617 0 0 0 1
 0.574419 -0.817807 -0.0350199 24.4931 -0.07247199999999999 -0.0934262 0.9929829999999999 10.3467 -0.815342 -0.5678530000000001 -0.112935 34.2682 0 0 0 1
 0.591079 -0.805019 -0.0506172 25.3595 -0.07650659999999999 -0.118424 0.9900099999999999 10.7447 -0.802972 -0.581304 -0.131588 33.9675 0 0 0 1
 0.626822 -0.778426 -0.0337473 25.8081 -0.0782463 -0.105984 0.991283 10.3121 -0.775218 -0.618721 -0.127343 33.1851 0 0 0 1
 0.641477 -0.766566 -0.029573 26.2053 -0.0722669 -0.09876409999999999 0.992482 9.888960000000001 -0.763725 -0.63452 -0.118753 32.3705 0 0 0 1
 0.620368 -0.783706 -0.0306685 26.7052 -0.0989696 -0.117014 0.988185 9.871930000000001 -0.7780359999999999 -0.610006 -0.150156 31.5048 0 0 0 1
 0.579498 -0.813214 -0.053444 26.4856 -0.0750811 -0.118573 0.990101 9.224080000000001 -0.8115019999999999 -0.569752 -0.129771 30.7761 0 0 0 1
 0.5436839999999999 -0.835917 -0.0751073 26.7893 -0.040012 -0.115204 0.992534 8.719609999999999 -0.83833 -0.536623 -0.09608269999999999 29.9676 0 0 0 1
 0.461193 -0.885141 -0.0617798 27.5212 -0.00213214 -0.0707333 0.997491 8.47592 -0.887293 -0.459906 -0.0345097 29.3295 0 0 0 1
 0.241631 -0.968495 -0.0601788 27.9602 -0.0128622 -0.06520860000000001 0.997787 7.96337 -0.970279 -0.240324 -0.0282139 28.5905 0 0 0 1
 0.185617 -0.98163 -0.0440229 28.0741 -0.0414097 -0.0525771 0.997756 7.59957 -0.981745 -0.183379 -0.050409 27.6666 0 0 0 1
 0.206727 -0.978261 -0.0160896 28.4066 -0.0475911 -0.0264805 0.998515 7.08811 -0.977237 -0.205655 -0.0520314 26.8745 0 0 0 1
 0.37493 -0.926551 -0.0303242 28.6283 -0.0340641 -0.0464587 0.9983379999999999 6.71496 -0.926422 -0.373276 -0.0489815 25.973 0 0 0 1
 0.440499 -0.89637 -0.0497199 29.3503 0.00413023 -0.05336 0.998566 6.55787 -0.897739 -0.440074 -0.0198034 25.3001 0 0 0 1
 0.470038 -0.876999 -0.09962799999999999 29.9122 0.06934650000000001 -0.0758334 0.994705 6.32183 -0.8799129999999999 -0.47446 0.0251717 24.5068 0 0 0 1
 0.457653 -0.881517 -0.116063 30.0163 0.0799994 -0.089183 0.992796 5.8681 -0.88552 -0.463643 0.0297053 23.6217 0 0 0 1
 0.415407 -0.905076 -0.09090429999999999 30.615 0.0543167 -0.075077 0.995696 5.7738 -0.908008 -0.418559 0.0179724 22.8262 0 0 0 1
 0.308852 -0.947203 -0.0860552 31.0059 0.0590656 -0.07120360000000001 0.99571 5.4156 -0.9492699999999999 -0.312611 0.0339549 21.9781 0 0 0 1
 0.248225 -0.963789 -0.0973908 31.519 0.0887821 -0.0774806 0.993032 5.13001 -0.964621 -0.255144 0.0663335 21.1676 0 0 0 1
 0.231163 -0.969604 -0.0801248 31.956 0.145796 -0.0469031 0.988201 4.60604 -0.961925 -0.240119 0.130522 20.4349 0 0 0 1
 0.184657 -0.978468 -0.0921462 32.5476 0.123876 -0.06983979999999999 0.989836 4.69691 -0.974961 -0.194196 0.108311 19.6331 0 0 0 1
 0.156964 -0.982979 -0.095412 33.233 0.109797 -0.0786428 0.990837 4.87214 -0.981478 -0.166004 0.0955834 18.9257 0 0 0 1
 0.119386 -0.987897 -0.0989685 33.8183 0.0662691 -0.0915313 0.993594 5.33521 -0.99063 -0.125181 0.0545385 18.2584 0 0 0 1
 -0.0045173 -0.998431 -0.0557054 33.906 0.0888819 -0.0558872 0.994472 5.04508 -0.996028 -0.000459907 0.08899410000000001 17.3052 0 0 0 1
 -0.111522 -0.993183 -0.0337759 33.8515 0.0817257 -0.0430396 0.995725 4.47197 -0.9903920000000001 0.108284 0.08596719999999999 16.4878 0 0 0 1
 -0.111522 -0.993183 -0.0337759 33.8515 0.0817257 -0.0430396 0.995725 4.47197 -0.9903920000000001 0.108284 0.08596719999999999 16.4878 0 0 0 1
 -0.341545 -0.879354 -0.331771 34.5402 0.223508 -0.418868 0.8801099999999999 3.77938 -0.912899 0.226444 0.339604 16.2358 0 0 0 1
 -0.341545 -0.879354 -0.331771 34.5402 0.223508 -0.418868 0.8801099999999999 3.77938 -0.912899 0.226444 0.339604 16.2358 0 0 0 1
 -0.341545 -0.879354 -0.331771 34.5402 0.223508 -0.418868 0.8801099999999999 3.77938 -0.912899 0.226444 0.339604 16.2358 0 0 0 1
 -0.341545 -0.879354 -0.331771 34.5402 0.223508 -0.418868 0.8801099999999999 3.77938 -0.912899 0.226444 0.339604 16.2358 0 0 0 1
 -0.341545 -0.879354 -0.331771 34.5402 0.223508 -0.418868 0.8801099999999999 3.77938 -0.912899 0.226444 0.339604 16.2358 0 0 0 1
 -0.341545 -0.879354 -0.331771 34.5402 0.223508 -0.418868 0.8801099999999999 3.77938 -0.912899 0.226444 0.339604 16.2358 0 0 0 1
 -0.341545 -0.879354 -0.331771 34.5402 0.223508 -0.418868 0.8801099999999999 3.77938 -0.912899 0.226444 0.339604 16.2358 0 0 0 1
 -0.341545 -0.879354 -0.331771 34.5402 0.223508 -0.418868 0.8801099999999999 3.77938 -0.912899 0.226444 0.339604 16.2358 0 0 0 1
 -0.341545 -0.879354 -0.331771 34.5402 0.223508 -0.418868 0.8801099999999999 3.77938 -0.912899 0.226444 0.339604 16.2358 0 0 0 1
 -0.341545 -0.879354 -0.331771 34.5402 0.223508 -0.418868 0.8801099999999999 3.77938 -0.912899 0.226444 0.339604 16.2358 0 0 0 1
 -0.341545 -0.879354 -0.331771 34.5402 0.223508 -0.418868 0.8801099999999999 3.77938 -0.912899 0.226444 0.339604 16.2358 0 0 0 1
 -0.0587784 -0.9957589999999999 -0.0706996 34.0189 0.236992 -0.0827171 0.967984 3.84356 -0.969729 0.0401406 0.240848 15.3812 0 0 0 1
 -0.0587784 -0.9957589999999999 -0.0706996 34.0189 0.236992 -0.0827171 0.967984 3.84356 -0.969729 0.0401406 0.240848 15.3812 0 0 0 1
 -0.0587784 -0.9957589999999999 -0.0706996 34.0189 0.236992 -0.0827171 0.967984 3.84356 -0.969729 0.0401406 0.240848 15.3812 0 0 0 1
 0.561487 0.619042 -0.549098 34.4614 -0.463957 -0.313945 -0.828361 3.74919 -0.685177 0.719874 0.110933 14.4929 0 0 0 1
 0.47741 0.543302 -0.690574 35.2365 -0.340481 -0.61014 -0.715404 3.64848 -0.8100270000000001 0.57667 -0.106303 13.8692 0 0 0 1
 0.531492 0.45381 -0.715236 34.3688 -0.436773 -0.576645 -0.690442 3.87302 -0.725766 0.6793630000000001 -0.10827 14.315 0 0 0 1
 0.538182 0.447985 -0.713904 35.18 -0.4414 -0.571774 -0.69155 3.42716 -0.717995 0.687299 -0.109978 13.937 0 0 0 1
 0.538182 0.447985 -0.713904 35.18 -0.4414 -0.571774 -0.69155 3.42716 -0.717995 0.687299 -0.109978 13.937 0 0 0 1
 0.538182 0.447985 -0.713904 35.18 -0.4414 -0.571774 -0.69155 3.42716 -0.717995 0.687299 -0.109978 13.937 0 0 0 1
 0.538182 0.447985 -0.713904 35.18 -0.4414 -0.571774 -0.69155 3.42716 -0.717995 0.687299 -0.109978 13.937 0 0 0 1
 0.538182 0.447985 -0.713904 35.18 -0.4414 -0.571774 -0.69155 3.42716 -0.717995 0.687299 -0.109978 13.937 0 0 0 1
 0.538182 0.447985 -0.713904 35.18 -0.4414 -0.571774 -0.69155 3.42716 -0.717995 0.687299 -0.109978 13.937 0 0 0 1
 0.538182 0.447985 -0.713904 35.18 -0.4414 -0.571774 -0.69155 3.42716 -0.717995 0.687299 -0.109978 13.937 0 0 0 1
 0.538182 0.447985 -0.713904 35.18 -0.4414 -0.571774 -0.69155 3.42716 -0.717995 0.687299 -0.109978 13.937 0 0 0 1
 0.538182 0.447985 -0.713904 35.18 -0.4414 -0.571774 -0.69155 3.42716 -0.717995 0.687299 -0.109978 13.937 0 0 0 1
 0.538182 0.447985 -0.713904 35.18 -0.4414 -0.571774 -0.69155 3.42716 -0.717995 0.687299 -0.109978 13.937 0 0 0 1
 0.538182 0.447985 -0.713904 35.18 -0.4414 -0.571774 -0.69155 3.42716 -0.717995 0.687299 -0.109978 13.937 0 0 0 1
 0.538182 0.447985 -0.713904 35.18 -0.4414 -0.571774 -0.69155 3.42716 -0.717995 0.687299 -0.109978 13.937 0 0 0 1
 0.538182 0.447985 -0.713904 35.18 -0.4414 -0.571774 -0.69155 3.42716 -0.717995 0.687299 -0.109978 13.937 0 0 0 1
 0.538182 0.447985 -0.713904 35.18 -0.4414 -0.571774 -0.69155 3.42716 -0.717995 0.687299 -0.109978 13.937 0 0 0 1
 0.538182 0.447985 -0.713904 35.18 -0.4414 -0.571774 -0.69155 3.42716 -0.717995 0.687299 -0.109978 13.937 0 0 0 1
 0.538182 0.447985 -0.713904 35.18 -0.4414 -0.571774 -0.69155 3.42716 -0.717995 0.687299 -0.109978 13.937 0 0 0 1
 0.464997 0.5877 -0.6621 35.633 -0.57708 -0.365945 -0.730112 3.57291 -0.671378 0.721587 0.168987 13.0541 0 0 0 1
 -0.130054 0.897415 -0.421572 36.0361 0.911686 0.275379 0.304952 2.95794 0.389759 -0.34468 -0.853977 12.2935 0 0 0 1
 -0.256262 0.884504 -0.389837 35.9435 0.848789 0.398881 0.347062 3.76892 0.462475 -0.24195 -0.852977 12.8711 0 0 0 1
 -0.396517 0.841564 -0.366791 35.7986 0.776254 0.520664 0.355443 2.87377 0.490101 -0.143783 -0.859721 12.4553 0 0 0 1
 -0.520177 0.779888 -0.348114 35.9146 0.654118 0.625881 0.424743 3.6402 0.549127 -0.00676583 -0.835708 13.0906 0 0 0 1
 -0.614143 0.706002 -0.352678 35.91 0.547206 0.702964 0.454324 2.91756 0.568672 0.0860321 -0.8180500000000001 12.4024 0 0 0 1
 -0.612899 0.711658 -0.34335 35.5875 0.554504 0.696951 0.454738 3.44244 0.562914 0.0883198 -0.82178 13.1901 0 0 0 1
 -0.612899 0.711658 -0.34335 35.5875 0.554504 0.696951 0.454738 3.44244 0.562914 0.0883198 -0.82178 13.1901 0 0 0 1
 -0.612899 0.711658 -0.34335 35.5875 0.554504 0.696951 0.454738 3.44244 0.562914 0.0883198 -0.82178 13.1901 0 0 0 1
 0.411574 -0.871777 0.265711 35.1671 -0.239091 0.178056 0.954533 3.87345 -0.879451 -0.456392 -0.135152 14.062 0 0 0 1
 0.235807 -0.925666 0.295854 35.3136 -0.16767 0.261119 0.950634 3.28487 -0.957222 -0.273775 -0.0936342 13.2669 0 0 0 1
 0.0274068 -0.975763 0.217088 35.4209 -0.0977827 0.21351 0.972036 3.79637 -0.994827 -0.0478701 -0.0895625 14.1202 0 0 0 1
 -0.932823 0.0202423 0.359753 35.6984 0.300762 -0.506086 0.808345 2.82894 0.198426 0.862244 0.466 13.9172 0 0 0 1
 -0.932823 0.0202423 0.359753 35.6984 0.300762 -0.506086 0.808345 2.82894 0.198426 0.862244 0.466 13.9172 0 0 0 1
 -0.932823 0.0202423 0.359753 35.6984 0.300762 -0.506086 0.808345 2.82894 0.198426 0.862244 0.466 13.9172 0 0 0 1
 -0.932823 0.0202423 0.359753 35.6984 0.300762 -0.506086 0.808345 2.82894 0.198426 0.862244 0.466 13.9172 0 0 0 1
 -0.932823 0.0202423 0.359753 35.6984 0.300762 -0.506086 0.808345 2.82894 0.198426 0.862244 0.466 13.9172 0 0 0 1
 -0.918241 -0.201315 0.341024 34.776 0.298266 0.2149 0.9299770000000001 2.44207 -0.260507 0.955658 -0.137286 13.9157 0 0 0 1
 -0.0626167 -0.0718239 -0.995445 33.841 -0.968616 0.244772 0.0432659 2.14888 0.240552 0.966913 -0.0848988 13.6478 0 0 0 1
 -0.07492600000000001 -0.0779466 -0.994133 34.4368 -0.958867 0.279355 0.0503627 1.55331 0.273792 0.9570149999999999 -0.0956737 14.1863 0 0 0 1
 -0.339369 0.357267 -0.870161 34.9395 -0.840854 0.299449 0.450883 1.30786 0.421655 0.884694 0.198783 15.0166 0 0 0 1
 -0.311575 0.375626 -0.872821 35.2835 -0.817913 0.361536 0.447562 0.517371 0.483673 0.853341 0.194581 15.5219 0 0 0 1
 -0.30938 0.33548 -0.889791 34.9274 -0.807765 0.401046 0.432064 1.35662 0.501797 0.852414 0.146911 15.1109 0 0 0 1
 -0.317087 0.347208 -0.882548 35.3174 -0.750919 0.47649 0.457251 0.522274 0.579288 0.807712 0.109634 15.502 0 0 0 1
 -0.287199 0.432723 -0.8545509999999999 35.707 -0.651392 0.565865 0.505458 -0.319949 0.702284 0.701814 0.119353 15.8767 0 0 0 1
 -0.27839 0.433496 -0.857071 35.2036 -0.62079 0.599698 0.50496 0.149656 0.732882 0.672637 0.102157 15.1509 0 0 0 1


# name: pose_1
# type: matrix
# rows: 186
# columns: 16
 1 0 0 0 0 1 0 0 0 0 1 0 0 0 0 1
 1 0 0 0 0 1 0 0 0 0 1 0 0 0 0 1
 1 0 0 0 0 1 0 0 0 0 1 0 0 0 0 1
 1 0 0 0 0 1 0 0 0 0 1 0 0 0 0 1
 1 0 0 0 0 1 0 0 0 0 1 0 0 0 0 1
 1 0 0 0 0 1 0 0 0 0 1 0 0 0 0 1
 1 0 0 0 0 1 0 0 0 0 1 0 0 0 0 1
 1 0 0 0 0 1 0 0 0 0 1 0 0 0 0 1
 1 0 0 0 0 1 0 0 0 0 1 0 0 0 0 1
 1 0 0 0 0 1 0 0 0 0 1 0 0 0 0 1
 1 0 0 0 0 1 0 0 0 0 1 0 0 0 0 1
 1 0 0 0 0 1 0 0 0 0 1 0 0 0 0 1
 1 0 0 0 0 1 0 0 0 0 1 0 0 0 0 1
 1 0 0 0 0 1 0 0 0 0 1 0 0 0 0 1
 1 0 0 0 0 1 0 0 0 0 1 0 0 0 0 1
 1 0 0 0 0 1 0 0 0 0 1 0 0 0 0 1
 1 0 0 0 0 1 0 0 0 0 1 0 0 0 0 1
 1 0 0 0 0 1 0 0 0 0 1 0 0 0 0 1
 1 0 0 0 0 1 0 0 0 0 1 0 0 0 0 1
 1 0 0 0 0 1 0 0 0 0 1 0 0 0 0 1
 1 0 0 0 0 1 0 0 0 0 1 0 0 0 0 1
 1 0 0 0 0 1 0 0 0 0 1 0 0 0 0 1
 1 0 0 0 0 1 0 0 0 0 1 0 0 0 0 1
 1 0 0 0 0 1 0 0 0 0 1 0 0 0 0 1
 1 0 0 0 0 1 0 0 0 0 1 0 0 0 0 1
 1 0 0 0 0 1 0 0 0 0 1 0 0 0 0 1
 1 0 0 0 0 1 0 0 0 0 1 0 0 0 0 1
 1 0 0 0 0 1 0 0 0 0 1 0 0 0 0 1
 1 0 0 0 0 1 0 0 0 0 1 0 0 0 0 1
 1 0 0 0 0 1 0 0 0 0 1 0 0 0 0 1
 1 0 0 0 0 1 0 0 0 0 1 0 0 0 0 1
 1 0 0 0 0 1 0 0 0 0 1 0 0 0 0 1
 1 0 0 0 0 1 0 0 0 0 1 0 0 0 0 1
 1 0 0 0 0 1 0 0 0 0 1 0 0 0 0 1
 1 0 0 0 0 1 0 0 0 0 1 0 0 0 0 1
 1 0 0 0 0 1 0 0 0 0 1 0 0 0 0 1
 1 0 0 0 0 1 0 0 0 0 1 0 0 0 0 1
 1 0 0 0 0 1 0 0 0 0 1 0 0 0 0 1
 1 0 0 0 0 1 0 0 0 0 1 0 0 0 0 1
 1 0 0 0 0 1 0 0 0 0 1 0 0 0 0 1
 1 0 0 0 0 1 0 0 0 0 1 0 0 0 0 1
 1 0 0 0 0 1 0 0 0 0 1 0 0 0 0 1
 1 0 0 0 0 1 0 0 0 0 1 0 0 0 0 1
 1 0 0 0 0 1 0 0 0 0 1 0 0 0 0 1
 1 0 0 0 0 1 0 0 0 0 1 0 0 0 0 1
 1 0 0 0 0 1 0 0 0 0 1 0 0 0 0 1
 1 0 0 0 0 1 0 0 0 0 1 0 0 0 0 1
 1 0 0 0 0 1 0 0 0 0 1 0 0 0 0 1
 1 0 0 0 0 1 0 0 0 0 1 0 0 0 0 1
 1 0 0 0 0 1 0 0 0 0 1 0 0 0 0 1
 1 0 0 0 0 1 0 0 0 0 1 0 0 0 0 1
 1 0 0 0 0 1 0 0 0 0 1 0 0 0 0 1
 1 0 0 0 0 1 0 0 0 0 1 0 0 0 0 1
 1 0 0 0 0 1 0 0 0 0 1 0 0 0 0 1
 1 0 0 0 0 1 0 0 0 0 1 0 0 0 0 1
 1 0 0 0 0 1 0 0 0 0 1 0 0 0 0 1
 1 0 0 0 0 1 0 0 0 0 1 0 0 0 0 1
 1 0 0 0 0 1 0 0 0 0 1 0 0 0 0 1
 1 0 0 0 0 1 0 0 0 0 1 0 0 0 0 1
 1 0 0 0 0 1 0 0 0 0 1 0 0 0 0 1
 1 0 0 0 0 1 0 0 0 0 1 0 0 0 0 1
 1 0 0 0 0 1 0 0 0 0 1 0 0 0 0 1
 1 0 0 0 0 1 0 0 0 0 1 0 0 0 0 1
 1 0 0 0 0 1 0 0 0 0 1 0 0 0 0 1
 1 0 0 0 0 1 0 0 0 0 1 0 0 0 0 1
 1 0 0 0 0 1 0 0 0 0 1 0 0 0 0 1
 1 0 0 0 0 1 0 0 0 0 1 0 0 0 0 1
 1 0 0 0 0 1 0 0 0 0 1 0 0 0 0 1
 1 0 0 0 0 1 0 0 0 0 1 0 0 0 0 1
 1 0 0 0 0 1 0 0 0 0 1 0 0 0 0 1
 1 0 0 0 0 1 0 0 0 0 1 0 0 0 0 1
 1 0 0 0 0 1 0 0 0 0 1 0 0 0 0 1
 1 0 0 0 0 1 0 0 0 0 1 0 0 0 0 1
 1 0 0 0 0 1 0 0 0 0 1 0 0 0 0 1
 1 0 0 0 0 1 0 0 0 0 1 0 0 0 0 1
 1 0 0 0 0 1 0 0 0 0 1 0 0 0 0 1
 1 0 0 0 0 1 0 0 0 0 1 0 0 0 0 1
 1 0 0 0 0 1 0 0 0 0 1 0 0 0 0 1
 1 0 0 0 0 1 0 0 0 0 1 0 0 0 0 1
 1 0 0 0 0 1 0 0 0 0 1 0 0 0 0 1
 1 0 0 0 0 1 0 0 0 0 1 0 0 0 0 1
 1 0 0 0 0 1 0 0 0 0 1 0 0 0 0 1
 1 0 0 0 0 1 0 0 0 0 1 0 0 0 0 1
 1 0 0 0 0 1 0 0 0 0 1 0 0 0 0 1
 1 0 0 0 0 1 0 0 0 0 1 0 0 0 0 1
 1 0 0 0 0 1 0 0 0 0 1 0 0 0 0 1
 1 0 0 0 0 1 0 0 0 0 1 0 0 0 0 1
 1 0 0 0 0 1 0 0 0 0 1 0 0 0 0 1
 1 0 0 0 0 1 0 0 0 0 1 0 0 0 0 1
 1 0 0 0 0 1 0 0 0 0 1 0 0 0 0 1
 1 0 0 0 0 1 0 0 0 0 1 0 0 0 0 1
 1 0 0 0 0 1 0 0 0 0 1 0 0 0 0 1
 1 0 0 0 0 1 0 0 0 0 1 0 0 0 0 1
 1 0 0 0 0 1 0 0 0 0 1 0 0 0 0 1
 1 0 0 0 0 1 0 0 0 0 1 0 0 0 0 1
 1 0 0 0 0 1 0 0 0 0 1 0 0 0 0 1
 1 0 0 0 0 1 0 0 0 0 1 0 0 0 0 1
 1 0 0 0 0 1 0 0 0 0 1 0 0 0 0 1
 1 0 0 0 0 1 0 0 0 0 1 0 0 0 0 1
 1 0 0 0 0 1 0 0 0 0 1 0 0 0 0 1
 1 0 0 0 0 1 0 0 0 0 1 0 0 0 0 1
 1 0 0 0 0 1 0 0 0 0 1 0 0 0 0 1
 1 0 0 0 0 1 0 0 0 0 1 0 0 0 0 1
 1 0 0 0 0 1 0 0 0 0 1 0 0 0 0 1
 1 0 0 0 0 1 0 0 0 0 1 0 0 0 0 1
 1 0 0 0 0 1 0 0 0 0 1 0 0 0 0 1
 1 0 0 0 0 1 0 0 0 0 1 0 0 0 0 1
 1 0 0 0 0 1 0 0 0 0 1 0 0 0 0 1
 1 0 0 0 0 1 0 0 0 0 1 0 0 0 0 1
 1 0 0 0 0 1 0 0 0 0 1 0 0 0 0 1
 1 0 0 0 0 1 0 0 0 0 1 0 0 0 0 1
 1 0 0 0 0 1 0 0 0 0 1 0 0 0 0 1
 1 0 0 0 0 1 0 0 0 0 1 0 0 0 0 1
 1 0 0 0 0 1 0 0 0 0 1 0 0 0 0 1
 1 0 0 0 0 1 0 0 0 0 1 0 0 0 0 1
 1 0 0 0 0 1 0 0 0 0 1 0 0 0 0 1
 1 0 0 0 0 1 0 0 0 0 1 0 0 0 0 1
 1 0 0 0 0 1 0 0 0 0 1 0 0 0 0 1
 1 0 0 0 0 1 0 0 0 0 1 0 0 0 0 1
 1 0 0 0 0 1 0 0 0 0 1 0 0 0 0 1
 1 0 0 0 0 1 0 0 0 0 1 0 0 0 0 1
 1 0 0 0 0 1 0 0 0 0 1 0 0 0 0 1
 1 0 0 0 0 1 0 0 0 0 1 0 0 0 0 1
 1 0 0 0 0 1 0 0 0 0 1 0 0 0 0 1
 1 0 0 0 0 1 0 0 0 0 1 0 0 0 0 1
 1 0 0 0 0 1 0 0 0 0 1 0 0 0 0 1
 1 0 0 0 0 1 0 0 0 0 1 0 0 0 0 1
 1 0 0 0 0 1 0 0 0 0 1 0 0 0 0 1
 1 0 0 0 0 1 0 0 0 0 1 0 0 0 0 1
 1 0 0 0 0 1 0 0 0 0 1 0 0 0 0 1
 1 0 0 0 0 1 0 0 0 0 1 0 0 0 0 1
 1 0 0 0 0 1 0 0 0 0 1 0 0 0 0 1
 1 0 0 0 0 1 0 0 0 0 1 0 0 0 0 1
 1 0 0 0 0 1 0 0 0 0 1 0 0 0 0 1
 1 0 0 0 0 1 0 0 0 0 1 0 0 0 0 1
 1 0 0 0 0 1 0 0 0 0 1 0 0 0 0 1
 1 0 0 0 0 1 0 0 0 0 1 0 0 0 0 1
 1 0 0 0 0 1 0 0 0 0 1 0 0 0 0 1
 1 0 0 0 0 1 0 0 0 0 1 0 0 0 0 1
 1 0 0 0 0 1 0 0 0 0 1 0 0 0 0 1
 1 0 0 0 0 1 0 0 0 0 1 0 0 0 0 1
 1 0 0 0 0 1 0 0 0 0 1 0 0 0 0 1
 1 0 0 0 0 1 0 0 0 0 1 0 0 0 0 1
 1 0 0 0 0 1 0 0 0 0 1 0 0 0 0 1
 1 0 0 0 0 1 0 0 0 0 1 0 0 0 0 1
 1 0 0 0 0 1 0 0 0 0 1 0 0 0 0 1
 1 0 0 0 0 1 0 0 0 0 1 0 0 0 0 1
 1 0 0 0 0 1 0 0 0 0 1 0 0 0 0 1
 1 0 0 0 0 1 0 0 0 0 1 0 0 0 0 1
 1 0 0 0 0 1 0 0 0 0 1 0 0 0 0 1
 1 0 0 0 0 1 0 0 0 0 1 0 0 0 0 1
 1 0 0 0 0 1 0 0 0 0 1 0 0 0 0 1
 1 0 0 0 0 1 0 0 0 0 1 0 0 0 0 1
 1 0 0 0 0 1 0 0 0 0 1 0 0 0 0 1
 1 0 0 0 0 1 0 0 0 0 1 0 0 0 0 1
 1 0 0 0 0 1 0 0 0 0 1 0 0 0 0 1
 1 0 0 0 0 1 0 0 0 0 1 0 0 0 0 1
 1 0 0 0 0 1 0 0 0 0 1 0 0 0 0 1
 1 0 0 0 0 1 0 0 0 0 1 0 0 0 0 1
 1 0 0 0 0 1 0 0 0 0 1 0 0 0 0 1
 1 0 0 0 0 1 0 0 0 0 1 0 0 0 0 1
 1 0 0 0 0 1 0 0 0 0 1 0 0 0 0 1
 1 0 0 0 0 1 0 0 0 0 1 0 0 0 0 1
 1 0 0 0 0 1 0 0 0 0 1 0 0 0 0 1
 1 0 0 0 0 1 0 0 0 0 1 0 0 0 0 1
 1 0 0 0 0 1 0 0 0 0 1 0 0 0 0 1
 1 0 0 0 0 1 0 0 0 0 1 0 0 0 0 1
 1 0 0 0 0 1 0 0 0 0 1 0 0 0 0 1
 1 0 0 0 0 1 0 0 0 0 1 0 0 0 0 1
 1 0 0 0 0 1 0 0 0 0 1 0 0 0 0 1
 1 0 0 0 0 1 0 0 0 0 1 0 0 0 0 1
 1 0 0 0 0 1 0 0 0 0 1 0 0 0 0 1
 1 0 0 0 0 1 0 0 0 0 1 0 0 0 0 1
 1 0 0 0 0 1 0 0 0 0 1 0 0 0 0 1
 1 0 0 0 0 1 0 0 0 0 1 0 0 0 0 1
 1 0 0 0 0 1 0 0 0 0 1 0 0 0 0 1
 1 0 0 0 0 1 0 0 0 0 1 0 0 0 0 1
 1 0 0 0 0 1 0 0 0 0 1 0 0 0 0 1
 1 0 0 0 0 1 0 0 0 0 1 0 0 0 0 1
 1 0 0 0 0 1 0 0 0 0 1 0 0 0 0 1
 1 0 0 0 0 1 0 0 0 0 1 0 0 0 0 1
 1 0 0 0 0 1 0 0 0 0 1 0 0 0 0 1
 1 0 0 0 0 1 0 0 0 0 1 0 0 0 0 1
 1 0 0 0 0 1 0 0 0 0 1 0 0 0 0 1
 1 0 0 0 0 1 0 0 0 0 1 0 0 0 0 1
 1 0 0 0 0 1 0 0 0 0 1 0 0 0 0 1


# name: pose_10
# type: matrix
# rows: 186
# columns: 16
 1 0 0 0 0 1 0 0 0 0 1 0 0 0 0 1
 1 0 0 0 0 1 0 0 0 0 1 0 0 0 0 1
 1 0 0 0 0 1 0 0 0 0 1 0 0 0 0 1
 1 0 0 0 0 1 0 0 0 0 1 0 0 0 0 1
 1 0 0 0 0 1 0 0 0 0 1 0 0 0 0 1
 1 0 0 0 0 1 0 0 0 0 1 0 0 0 0 1
 1 0 0 0 0 1 0 0 0 0 1 0 0 0 0 1
 1 0 0 0 0 1 0 0 0 0 1 0 0 0 0 1
 1 0 0 0 0 1 0 0 0 0 1 0 0 0 0 1
 1 0 0 0 0 1 0 0 0 0 1 0 0 0 0 1
 1 0 0 0 0 1 0 0 0 0 1 0 0 0 0 1
 1 0 0 0 0 1 0 0 0 0 1 0 0 0 0 1
 1 0 0 0 0 1 0 0 0 0 1 0 0 0 0 1
 1 0 0 0 0 1 0 0 0 0 1 0 0 0 0 1
 1 0 0 0 0 1 0 0 0 0 1 0 0 0 0 1
 1 0 0 0 0 1 0 0 0 0 1 0 0 0 0 1
 1 0 0 0 0 1 0 0 0 0 1 0 0 0 0 1
 1 0 0 0 0 1 0 0 0 0 1 0 0 0 0 1
 1 0 0 0 0 1 0 0 0 0 1 0 0 0 0 1
 1 0 0 0 0 1 0 0 0 0 1 0 0 0 0 1
 1 0 0 0 0 1 0 0 0 0 1 0 0 0 0 1
 1 0 0 0 0 1 0 0 0 0 1 0 0 0 0 1
 1 0 0 0 0 1 0 0 0 0 1 0 0 0 0 1
 1 0 0 0 0 1 0 0 0 0 1 0 0 0 0 1
 1 0 0 0 0 1 0 0 0 0 1 0 0 0 0 1
 1 0 0 0 0 1 0 0 0 0 1 0 0 0 0 1
 1 0 0 0 0 1 0 0 0 0 1 0 0 0 0 1
 1 0 0 0 0 1 0 0 0 0 1 0 0 0 0 1
 1 0 0 0 0 1 0 0 0 0 1 0 0 0 0 1
 1 0 0 0 0 1 0 0 0 0 1 0 0 0 0 1
 1 0 0 0 0 1 0 0 0 0 1 0 0 0 0 1
 1 0 0 0 0 1 0 0 0 0 1 0 0 0 0 1
 1 0 0 0 0 1 0 0 0 0 1 0 0 0 0 1
 1 0 0 0 0 1 0 0 0 0 1 0 0 0 0 1
 1 0 0 0 0 1 0 0 0 0 1 0 0 0 0 1
 1 0 0 0 0 1 0 0 0 0 1 0 0 0 0 1
 1 0 0 0 0 1 0 0 0 0 1 0 0 0 0 1
 1 0 0 0 0 1 0 0 0 0 1 0 0 0 0 1
 1 0 0 0 0 1 0 0 0 0 1 0 0 0 0 1
 1 0 0 0 0 1 0 0 0 0 1 0 0 0 0 1
 1 0 0 0 0 1 0 0 0 0 1 0 0 0 0 1
 1 0 0 0 0 1 0 0 0 0 1 0 0 0 0 1
 1 0 0 0 0 1 0 0 0 0 1 0 0 0 0 1
 1 0 0 0 0 1 0 0 0 0 1 0 0 0 0 1
 1 0 0 0 0 1 0 0 0 0 1 0 0 0 0 1
 1 0 0 0 0 1 0 0 0 0 1 0 0 0 0 1
 1 0 0 0 0 1 0 0 0 0 1 0 0 0 0 1
 1 0 0 0 0 1 0 0 0 0 1 0 0 0 0 1
 1 0 0 0 0 1 0 0 0 0 1 0 0 0 0 1
 1 0 0 0 0 1 0 0 0 0 1 0 0 0 0 1
 1 0 0 0 0 1 0 0 0 0 1 0 0 0 0 1
 1 0 0 0 0 1 0 0 0 0 1 0 0 0 0 1
 1 0 0 0 0 1 0 0 0 0 1 0 0 0 0 1
 1 0 0 0 0 1 0 0 0 0 1 0 0 0 0 1
 1 0 0 0 0 1 0 0 0 0 1 0 0 0 0 1
 1 0 0 0 0 1 0 0 0 0 1 0 0 0 0 1
 1 0 0 0 0 1 0 0 0 0 1 0 0 0 0 1
 1 0 0 0 0 1 0 0 0 0 1 0 0 0 0 1
 1 0 0 0 0 1 0 0 0 0 1 0 0 0 0 1
 1 0 0 0 0 1 0 0 0 0 1 0 0 0 0 1
 1 0 0 0 0 1 0 0 0 0 1 0 0 0 0 1
 1 0 0 0 0 1 0 0 0 0 1 0 0 0 0 1
 1 0 0 0 0 1 0 0 0 0 1 0 0 0 0 1
 1 0 0 0 0 1 0 0 0 0 1 0 0 0 0 1
 1 0 0 0 0 1 0 0 0 0 1 0 0 0 0 1
 1 0 0 0 0 1 0 0 0 0 1 0 0 0 0 1
 1 0 0 0 0 1 0 0 0 0 1 0 0 0 0 1
 1 0 0 0 0 1 0 0 0 0 1 0 0 0 0 1
 1 0 0 0 0 1 0 0 0 0 1 0 0 0 0 1
 1 0 0 0 0 1 0 0 0 0 1 0 0 0 0 1
 1 0 0 0 0 1 0 0 0 0 1 0 0 0 0 1
 1 0 0 0 0 1 0 0 0 0 1 0 0 0 0 1
 1 0 0 0 0 1 0 0 0 0 1 0 0 0 0 1
 1 0 0 0 0 1 0 0 0 0 1 0 0 0 0 1
 1 0 0 0 0 1 0 0 0 0 1 0 0 0 0 1
 1 0 0 0 0 1 0 0 0 0 1 0 0 0 0 1
 1 0 0 0 0 1 0 0 0 0 1 0 0 0 0 1
 1 0 0 0 0 1 0 0 0 0 1 0 0 0 0 1
 1 0 0 0 0 1 0 0 0 0 1 0 0 0 0 1
 1 0 0 0 0 1 0 0 0 0 1 0 0 0 0 1
 1 0 0 0 0 1 0 0 0 0 1 0 0 0 0 1
 1 0 0 0 0 1 0 0 0 0 1 0 0 0 0 1
 1 0 0 0 0 1 0 0 0 0 1 0 0 0 0 1
 1 0 0 0 0 1 0 0 0 0 1 0 0 0 0 1
 1 0 0 0 0 1 0 0 0 0 1 0 0 0 0 1
 1 0 0 0 0 1 0 0 0 0 1 0 0 0 0 1
 1 0 0 0 0 1 0 0 0 0 1 0 0 0 0 1
 1 0 0 0 0 1 0 0 0 0 1 0 0 0 0 1
 1 0 0 0 0 1 0 0 0 0 1 0 0 0 0 1
 1 0 0 0 0 1 0 0 0 0 1 0 0 0 0 1
 1 0 0 0 0 1 0 0 0 0 1 0 0 0 0 1
 1 0 0 0 0 1 0 0 0 0 1 0 0 0 0 1
 1 0 0 0 0 1 0 0 0 0 1 0 0 0 0 1
 1 0 0 0 0 1 0 0 0 0 1 0 0 0 0 1
 1 0 0 0 0 1 0 0 0 0 1 0 0 0 0 1
 1 0 0 0 0 1 0 0 0 0 1 0 0 0 0 1
 1 0 0 0 0 1 0 0 0 0 1 0 0 0 0 1
 1 0 0 0 0 1 0 0 0 0 1 0 0 0 0 1
 1 0 0 0 0 1 0 0 0 0 1 0 0 0 0 1
 1 0 0 0 0 1 0 0 0 0 1 0 0 0 0 1
 1 0 0 0 0 1 0 0 0 0 1 0 0 0 0 1
 1 0 0 0 0 1 0 0 0 0 1 0 0 0 0 1
 1 0 0 0 0 1 0 0 0 0 1 0 0 0 0 1
 1 0 0 0 0 1 0 0 0 0 1 0 0 0 0 1
 1 0 0 0 0 1 0 0 0 0 1 0 0 0 0 1
 1 0 0 0 0 1 0 0 0 0 1 0 0 0 0 1
 1 0 0 0 0 1 0 0 0 0 1 0 0 0 0 1
 1 0 0 0 0 1 0 0 0 0 1 0 0 0 0 1
 1 0 0 0 0 1 0 0 0 0 1 0 0 0 0 1
 1 0 0 0 0 1 0 0 0 0 1 0 0 0 0 1
 1 0 0 0 0 1 0 0 0 0 1 0 0 0 0 1
 1 0 0 0 0 1 0 0 0 0 1 0 0 0 0 1
 1 0 0 0 0 1 0 0 0 0 1 0 0 0 0 1
 1 0 0 0 0 1 0 0 0 0 1 0 0 0 0 1
 1 0 0 0 0 1 0 0 0 0 1 0 0 0 0 1
 1 0 0 0 0 1 0 0 0 0 1 0 0 0 0 1
 1 0 0 0 0 1 0 0 0 0 1 0 0 0 0 1
 1 0 0 0 0 1 0 0 0 0 1 0 0 0 0 1
 1 0 0 0 0 1 0 0 0 0 1 0 0 0 0 1
 1 0 0 0 0 1 0 0 0 0 1 0 0 0 0 1
 1 0 0 0 0 1 0 0 0 0 1 0 0 0 0 1
 1 0 0 0 0 1 0 0 0 0 1 0 0 0 0 1
 1 0 0 0 0 1 0 0 0 0 1 0 0 0 0 1
 1 0 0 0 0 1 0 0 0 0 1 0 0 0 0 1
 1 0 0 0 0 1 0 0 0 0 1 0 0 0 0 1
 1 0 0 0 0 1 0 0 0 0 1 0 0 0 0 1
 1 0 0 0 0 1 0 0 0 0 1 0 0 0 0 1
 1 0 0 0 0 1 0 0 0 0 1 0 0 0 0 1
 0.906475 0.421496 0.0253686 -0.348767 0.420732 -0.90667 0.0305562 0.955476 0.0358804 -0.0170251 -0.999211 0.27016 0 0 0 1
 0.906475 0.421496 0.0253686 -0.348767 0.420732 -0.90667 0.0305562 0.955476 0.0358804 -0.0170251 -0.999211 0.27016 0 0 0 1
 0.906475 0.421496 0.0253686 -0.348767 0.420732 -0.90667 0.0305562 0.955476 0.0358804 -0.0170251 -0.999211 0.27016 0 0 0 1
 0.906475 0.421496 0.0253686 -0.348767 0.420732 -0.90667 0.0305562 0.955476 0.0358804 -0.0170251 -0.999211 0.27016 0 0 0 1
 0.906475 0.421496 0.0253686 -0.348767 0.420732 -0.90667 0.0305562 0.955476 0.0358804 -0.0170251 -0.999211 0.27016 0 0 0 1
 0.906475 0.421496 0.0253686 -0.348767 0.420732 -0.90667 0.0305562 0.955476 0.0358804 -0.0170251 -0.999211 0.27016 0 0 0 1
 0.906475 0.421496 0.0253686 -0.348767 0.420732 -0.90667 0.0305562 0.955476 0.0358804 -0.0170251 -0.999211 0.27016 0 0 0 1
 0.906475 0.421496 0.0253686 -0.348767 0.420732 -0.90667 0.0305562 0.955476 0.0358804 -0.0170251 -0.999211 0.27016 0 0 0 1
 0.906475 0.421496 0.0253686 -0.348767 0.420732 -0.90667 0.0305562 0.955476 0.0358804 -0.0170251 -0.999211 0.27016 0 0 0 1
 0.906475 0.421496 0.0253686 -0.348767 0.420732 -0.90667 0.0305562 0.955476 0.0358804 -0.0170251 -0.999211 0.27016 0 0 0 1
 0.906475 0.421496 0.0253686 -0.348767 0.420732 -0.90667 0.0305562 0.955476 0.0358804 -0.0170251 -0.999211 0.27016 0 0 0 1
 0.906475 0.421496 0.0253686 -0.348767 0.420732 -0.90667 0.0305562 0.955476 0.0358804 -0.0170251 -0.999211 0.27016 0 0 0 1
 0.906475 0.421496 0.0253686 -0.348767 0.420732 -0.90667 0.0305562 0.955476 0.0358804 -0.0170251 -0.999211 0.27016 0 0 0 1
 0.906475 0.421496 0.0253686 -0.348767 0.420732 -0.90667 0.0305562 0.955476 0.0358804 -0.0170251 -0.999211 0.27016 0 0 0 1
 0.906475 0.421496 0.0253686 -0.348767 0.420732 -0.90667 0.0305562 0.955476 0.0358804 -0.0170251 -0.999211 0.27016 0 0 0 1
 0.906475 0.421496 0.0253686 -0.348767 0.420732 -0.90667 0.0305562 0.955476 0.0358804 -0.0170251 -0.999211 0.27016 0 0 0 1
 0.906475 0.421496 0.0253686 -0.348767 0.420732 -0.90667 0.0305562 0.955476 0.0358804 -0.0170251 -0.999211 0.27016 0 0 0 1
 0.906475 0.421496 0.0253686 -0.348767 0.420732 -0.90667 0.0305562 0.955476 0.0358804 -0.0170251 -0.999211 0.27016 0 0 0 1
 0.906475 0.421496 0.0253686 -0.348767 0.420732 -0.90667 0.0305562 0.955476 0.0358804 -0.0170251 -0.999211 0.27016 0 0 0 1
 0.906475 0.421496 0.0253686 -0.348767 0.420732 -0.90667 0.0305562 0.955476 0.0358804 -0.0170251 -0.999211 0.27016 0 0 0 1
 0.906475 0.421496 0.0253686 -0.348767 0.420732 -0.90667 0.0305562 0.955476 0.0358804 -0.0170251 -0.999211 0.27016 0 0 0 1
 0.906475 0.421496 0.0253686 -0.348767 0.420732 -0.90667 0.0305562 0.955476 0.0358804 -0.0170251 -0.999211 0.27016 0 0 0 1
 0.906475 0.421496 0.0253686 -0.348767 0.420732 -0.90667 0.0305562 0.955476 0.0358804 -0.0170251 -0.999211 0.27016 0 0 0 1
 0.906475 0.421496 0.0253686 -0.348767 0.420732 -0.90667 0.0305562 0.955476 0.0358804 -0.0170251 -0.999211 0.27016 0 0 0 1
 0.906475 0.421496 0.0253686 -0.348767 0.420732 -0.90667 0.0305562 0.955476 0.0358804 -0.0170251 -0.999211 0.27016 0 0 0 1
 0.906475 0.421496 0.0253686 -0.348767 0.420732 -0.90667 0.0305562 0.955476 0.0358804 -0.0170251 -0.999211 0.27016 0 0 0 1
 0.906475 0.421496 0.0253686 -0.348767 0.420732 -0.90667 0.0305562 0.955476 0.0358804 -0.0170251 -0.999211 0.27016 0 0 0 1
 0.906475 0.421496 0.0253686 -0.348767 0.420732 -0.90667 0.0305562 0.955476 0.0358804 -0.0170251 -0.999211 0.27016 0 0 0 1
 0.906475 0.421496 0.0253686 -0.348767 0.420732 -0.90667 0.0305562 0.955476 0.0358804 -0.0170251 -0.999211 0.27016 0 0 0 1
 0.906475 0.421496 0.0253686 -0.348767 0.420732 -0.90667 0.0305562 0.955476 0.0358804 -0.0170251 -0.999211 0.27016 0 0 0 1
 0.906475 0.421496 0.0253686 -0.348767 0.420732 -0.90667 0.0305562 0.955476 0.0358804 -0.0170251 -0.999211 0.27016 0 0 0 1
 0.906475 0.421496 0.0253686 -0.348767 0.420732 -0.90667 0.0305562 0.955476 0.0358804 -0.0170251 -0.999211 0.27016 0 0 0 1
 0.906475 0.421496 0.0253686 -0.348767 0.420732 -0.90667 0.0305562 0.955476 0.0358804 -0.0170251 -0.999211 0.27016 0 0 0 1
 0.906475 0.421496 0.0253686 -0.348767 0.420732 -0.90667 0.0305562 0.955476 0.0358804 -0.0170251 -0.999211 0.27016 0 0 0 1
 0.906475 0.421496 0.0253686 -0.348767 0.420732 -0.90667 0.0305562 0.955476 0.0358804 -0.0170251 -0.999211 0.27016 0 0 0 1
 0.906475 0.421496 0.0253686 -0.348767 0.420732 -0.90667 0.0305562 0.955476 0.0358804 -0.0170251 -0.999211 0.27016 0 0 0 1
 0.906475 0.421496 0.0253686 -0.348767 0.420732 -0.90667 0.0305562 0.955476 0.0358804 -0.0170251 -0.999211 0.27016 0 0 0 1
 0.906475 0.421496 0.0253686 -0.348767 0.420732 -0.90667 0.0305562 0.955476 0.0358804 -0.0170251 -0.999211 0.27016 0 0 0 1
 0.906475 0.421496 0.0253686 -0.348767 0.420732 -0.90667 0.0305562 0.955476 0.0358804 -0.0170251 -0.999211 0.27016 0 0 0 1
 0.906475 0.421496 0.0253686 -0.348767 0.420732 -0.90667 0.0305562 0.955476 0.0358804 -0.0170251 -0.999211 0.27016 0 0 0 1
 0.906475 0.421496 0.0253686 -0.348767 0.420732 -0.90667 0.0305562 0.955476 0.0358804 -0.0170251 -0.999211 0.27016 0 0 0 1
 0.906475 0.421496 0.0253686 -0.348767 0.420732 -0.90667 0.0305562 0.955476 0.0358804 -0.0170251 -0.999211 0.27016 0 0 0 1
 0.906475 0.421496 0.0253686 -0.348767 0.420732 -0.90667 0.0305562 0.955476 0.0358804 -0.0170251 -0.999211 0.27016 0 0 0 1
 0.906475 0.421496 0.0253686 -0.348767 0.420732 -0.90667 0.0305562 0.955476 0.0358804 -0.0170251 -0.999211 0.27016 0 0 0 1
 0.906475 0.421496 0.0253686 -0.348767 0.420732 -0.90667 0.0305562 0.955476 0.0358804 -0.0170251 -0.999211 0.27016 0 0 0 1
 0.906475 0.421496 0.0253686 -0.348767 0.420732 -0.90667 0.0305562 0.955476 0.0358804 -0.0170251 -0.999211 0.27016 0 0 0 1
 0.906475 0.421496 0.0253686 -0.348767 0.420732 -0.90667 0.0305562 0.955476 0.0358804 -0.0170251 -0.999211 0.27016 0 0 0 1
 0.906475 0.421496 0.0253686 -0.348767 0.420732 -0.90667 0.0305562 0.955476 0.0358804 -0.0170251 -0.999211 0.27016 0 0 0 1
