# Created by Octave 4.0.0, Tue Jul 12 17:21:23 2016 BRT <anaritapereira@lasi-xps>
# name: pose_0
# type: matrix
# rows: 251
# columns: 16
 0.632721 -0.707354 -0.315143 0.749695 -0.109571 0.321088 -0.940689 -0.6355420000000001 0.766589 0.629724 0.125654 0.192249 0 0 0 1
 0.8569020000000001 -0.444155 0.261622 1.43875 0.451625 0.8915459999999999 0.0343491 -1.31401 -0.248505 0.0887212 0.9645590000000001 0.503651 0 0 0 1
 0.882825 -0.468928 -0.0269679 2.39634 0.452857 0.83452 0.313845 -1.5403 -0.124665 -0.289283 0.949092 0.673859 0 0 0 1
 -0.7511100000000001 0.395608 0.528516 3.3663 -0.022642 0.784658 -0.619516 -1.57053 -0.659789 -0.477291 -0.580406 1.0832 0 0 0 1
 0.777913 -0.618112 -0.11309 2.36772 0.130509 -0.0171184 0.9913 -1.88668 -0.61467 -0.785904 0.0673526 1.07088 0 0 0 1
 0.705427 -0.703427 -0.08697299999999999 3.32556 0.404772 0.299082 0.864123 -1.60047 -0.581835 -0.64478 0.495709 1.07291 0 0 0 1
 -0.623959 -0.778843 0.0638634 4.23114 -0.132386 0.185893 0.97361 -1.11428 -0.770162 0.599039 -0.219098 1.2604 0 0 0 1
 -0.579986 -0.485958 0.6538040000000001 4.11478 -0.0492782 0.822041 0.567291 -1.28082 -0.813134 0.296803 -0.5007200000000001 2.24129 0 0 0 1
 -0.449517 -0.409246 0.79401 4.16243 -0.179876 0.912141 0.368298 -0.701057 -0.874973 0.0227331 -0.483637 3.05915 0 0 0 1
 0.319633 0.169984 -0.932169 4.06316 0.934424 0.106576 0.339841 -1.35477 0.157114 -0.979667 -0.124772 2.24429 0 0 0 1
 -0.0777545 0.922051 -0.379178 3.80163 0.594751 0.34814 0.724616 -1.85118 0.800141 -0.169174 -0.57546 1.40766 0 0 0 1
 0.252932 0.788247 -0.5609730000000001 3.23833 0.641972 0.297048 0.706847 -1.58742 0.723807 -0.538914 -0.4309 2.19967 0 0 0 1
 0.36491 0.877664 -0.310716 2.98191 0.324602 0.19286 0.925979 -1.27287 0.872624 -0.438759 -0.214515 3.11328 0 0 0 1
 -0.183487 0.513638 -0.838156 2.8569 0.587151 0.741096 0.32562 -1.37631 0.7884060000000001 -0.432378 -0.437565 4.10118 0 0 0 1
 -0.496628 0.0155619 0.867822 2.85633 0.599363 0.729325 0.329919 -1.54611 -0.627791 0.683989 -0.371532 5.13143 0 0 0 1
 -0.509984 0.370118 0.776483 2.72069 0.387646 0.904724 -0.176645 -0.7279139999999999 -0.767884 0.210914 -0.604871 4.56721 0 0 0 1
 0.0119754 -0.0520697 0.99857 1.91706 -0.124002 0.990856 0.0531544 -0.598225 -0.992209 -0.124461 0.00540888 3.96765 0 0 0 1
 0.481191 -0.169779 0.860016 1.30008 0.352185 0.935848 -0.0123032 -0.661254 -0.8027570000000001 0.308806 0.510116 4.75871 0 0 0 1
 0.481191 -0.169779 0.860016 1.30008 0.352185 0.935848 -0.0123032 -0.661254 -0.8027570000000001 0.308806 0.510116 4.75871 0 0 0 1
 0.481191 -0.169779 0.860016 1.30008 0.352185 0.935848 -0.0123032 -0.661254 -0.8027570000000001 0.308806 0.510116 4.75871 0 0 0 1
 0.761992 0.266349 -0.590274 1.33297 0.323022 0.633678 0.702928 -0.860777 0.561269 -0.726298 0.396822 3.73673 0 0 0 1
 0.761992 0.266349 -0.590274 1.33297 0.323022 0.633678 0.702928 -0.860777 0.561269 -0.726298 0.396822 3.73673 0 0 0 1
 0.761992 0.266349 -0.590274 1.33297 0.323022 0.633678 0.702928 -0.860777 0.561269 -0.726298 0.396822 3.73673 0 0 0 1
 0.761992 0.266349 -0.590274 1.33297 0.323022 0.633678 0.702928 -0.860777 0.561269 -0.726298 0.396822 3.73673 0 0 0 1
 0.806872 0.06421399999999999 0.5872230000000001 2.07456 -0.517272 0.556875 0.64986 -0.996506 -0.285281 -0.828109 0.482544 4.41213 0 0 0 1
 0.806872 0.06421399999999999 0.5872230000000001 2.07456 -0.517272 0.556875 0.64986 -0.996506 -0.285281 -0.828109 0.482544 4.41213 0 0 0 1
 0.806872 0.06421399999999999 0.5872230000000001 2.07456 -0.517272 0.556875 0.64986 -0.996506 -0.285281 -0.828109 0.482544 4.41213 0 0 0 1
 0.262407 -0.797903 0.542669 2.6991 0.726176 0.533633 0.433475 -1.53024 -0.635459 0.280328 0.719449 5.0443 0 0 0 1
 -0.0360462 -0.909427 0.414294 3.48313 0.159854 0.403979 0.900691 -1.23499 -0.9864810000000001 0.0986937 0.130814 4.48727 0 0 0 1
 -0.0360462 -0.909427 0.414294 3.48313 0.159854 0.403979 0.900691 -1.23499 -0.9864810000000001 0.0986937 0.130814 4.48727 0 0 0 1
 0.433913 -0.799515 -0.41532 2.81921 -0.106763 -0.503359 0.857454 -1.09674 -0.894606 -0.327721 -0.303774 5.23336 0 0 0 1
 0.433913 -0.799515 -0.41532 2.81921 -0.106763 -0.503359 0.857454 -1.09674 -0.894606 -0.327721 -0.303774 5.23336 0 0 0 1
 0.433913 -0.799515 -0.41532 2.81921 -0.106763 -0.503359 0.857454 -1.09674 -0.894606 -0.327721 -0.303774 5.23336 0 0 0 1
 -0.401547 -0.805281 -0.436209 2.93964 -0.265266 -0.353613 0.896989 -0.590239 -0.87658 0.475896 -0.0716222 4.3732 0 0 0 1
 -0.950491 0.0568128 -0.305507 3.10694 0.10492 0.984083 -0.143421 -0.242169 0.292497 -0.168375 -0.941326 3.41518 0 0 0 1
 -0.894572 0.319162 0.312847 2.27019 0.0360804 0.749295 -0.661251 -0.780826 -0.445462 -0.58025 -0.6818149999999999 3.33661 0 0 0 1
 0.80218 0.581767 -0.134347 1.31009 0.593384 -0.751785 0.287595 -1.21732 0.0663136 -0.310423 -0.948282 3.36251 0 0 0 1
 0.455935 0.731943 -0.506339 1.59932 -0.738027 -0.00703798 -0.674732 -0.361067 -0.49743 0.681328 0.536986 3.88995 0 0 0 1
 0.799204 0.257029 -0.543328 1.44187 0.514368 0.175189 0.839482 -1.05035 0.310958 -0.950391 0.0078038 3.11834 0 0 0 1
 0.706676 0.69511 0.132015 1.53451 0.550112 -0.657135 0.515313 -1.88803 0.444953 -0.291537 -0.8467710000000001 2.57356 0 0 0 1
 0.331524 0.837323 -0.434715 1.64058 -0.938537 0.245765 -0.24237 -0.961821 -0.0961051 0.48835 0.8673380000000001 3.05765 0 0 0 1
 -0.160792 -0.932629 -0.323022 1.31079 0.855572 -0.294877 0.42549 -1.94402 -0.492077 -0.207954 0.845348 2.91361 0 0 0 1
 -0.316168 0.627532 -0.711502 1.70199 -0.725021 -0.643522 -0.245398 -0.991035 -0.611865 0.438268 0.6584370000000001 3.10373 0 0 0 1
 -0.316168 0.627532 -0.711502 1.70199 -0.725021 -0.643522 -0.245398 -0.991035 -0.611865 0.438268 0.6584370000000001 3.10373 0 0 0 1
 0.149177 -0.952334 0.266085 0.892521 0.246676 0.296432 0.922646 -1.19449 -0.957546 -0.072001 0.27914 3.69702 0 0 0 1
 0.0701799 -0.548388 0.833271 1.66781 0.6343529999999999 0.669205 0.386985 -1.25419 -0.769849 0.501431 0.394837 3.0585 0 0 0 1
 0.334628 -0.7174739999999999 0.610942 0.693764 0.833226 0.528106 0.163813 -1.50469 -0.440175 0.454238 0.774539 3.13571 0 0 0 1
 -0.964645 0.238016 -0.113153 1.63662 0.222754 0.506912 -0.832717 -1.25078 -0.140842 -0.828484 -0.542011 2.76282 0 0 0 1
 -0.964645 0.238016 -0.113153 1.63662 0.222754 0.506912 -0.832717 -1.25078 -0.140842 -0.828484 -0.542011 2.76282 0 0 0 1
 -0.964645 0.238016 -0.113153 1.63662 0.222754 0.506912 -0.832717 -1.25078 -0.140842 -0.828484 -0.542011 2.76282 0 0 0 1
 -0.964645 0.238016 -0.113153 1.63662 0.222754 0.506912 -0.832717 -1.25078 -0.140842 -0.828484 -0.542011 2.76282 0 0 0 1
 -0.964645 0.238016 -0.113153 1.63662 0.222754 0.506912 -0.832717 -1.25078 -0.140842 -0.828484 -0.542011 2.76282 0 0 0 1
 -0.73476 0.625516 -0.262396 1.08226 0.51352 0.260198 -0.817674 -1.8105 -0.443194 -0.735542 -0.5124 3.40256 0 0 0 1
 -0.73476 0.625516 -0.262396 1.08226 0.51352 0.260198 -0.817674 -1.8105 -0.443194 -0.735542 -0.5124 3.40256 0 0 0 1
 -0.686495 0.726975 0.0150936 0.132723 0.123974 0.137472 -0.982715 -1.66729 -0.716486 -0.672759 -0.1845 3.1212 0 0 0 1
 0.126503 0.381128 0.915824 -0.868869 -0.783307 0.604839 -0.143512 -1.79669 -0.608625 -0.699218 0.375055 2.96708 0 0 0 1
 0.126503 0.381128 0.915824 -0.868869 -0.783307 0.604839 -0.143512 -1.79669 -0.608625 -0.699218 0.375055 2.96708 0 0 0 1
 -0.368185 0.353364 -0.859981 -0.2027 0.652837 -0.560329 -0.509736 -2.52731 -0.6619969999999999 -0.749108 -0.0243852 2.64122 0 0 0 1
 -0.388156 0.494614 -0.777616 0.52538 0.829312 0.555482 -0.0606368 -3.21822 0.401961 -0.668425 -0.6258049999999999 2.58886 0 0 0 1
 -0.396668 0.539498 -0.742691 1.35751 0.793292 0.608561 0.0183722 -3.45779 0.461886 -0.581885 -0.669378 2.08697 0 0 0 1
 -0.282095 0.733675 -0.618173 0.690433 0.95742 0.174074 -0.230306 -2.88977 -0.0613622 -0.656821 -0.751543 2.5838 0 0 0 1
 0.104628 0.98375 -0.145883 0.0382677 0.590507 0.0565778 0.805044 -2.31254 0.800219 -0.170375 -0.574994 3.0766 0 0 0 1
