# Created by Octave 4.0.0, Tue Jul 12 17:21:43 2016 BRT <anaritapereira@lasi-xps>
# name: pose_6
# type: matrix
# rows: 251
# columns: 16
 0.940337 -0.327631 -0.0917845 -0.940272 0.267613 0.5455950000000001 0.794172 0.0807997 -0.210119 -0.771352 0.6007209999999999 0.33153 0 0 0 1
 0.367684 -0.831882 0.415669 -0.752194 -0.921806 -0.267003 0.281037 -0.941064 -0.122805 -0.486499 -0.865007 0.329732 0 0 0 1
 0.367684 -0.831882 0.415669 -0.752194 -0.921806 -0.267003 0.281037 -0.941064 -0.122805 -0.486499 -0.865007 0.329732 0 0 0 1
 0.306394 0.492759 -0.814438 -0.9338610000000001 0.951685 -0.140229 0.273184 0.0682604 0.0204061 -0.858791 -0.511917 0.13197 0 0 0 1
 -0.0260005 0.122997 -0.992065 -1.36904 0.824325 -0.558773 -0.0908814 -0.793083 -0.565519 -0.820147 -0.08686149999999999 -0.197811 0 0 0 1
 0.126944 0.747234 -0.652321 -1.73183 0.6359050000000001 -0.566025 -0.524632 -1.61907 -0.761255 -0.348216 -0.547023 0.233578 0 0 0 1
 0.126944 0.747234 -0.652321 -1.73183 0.6359050000000001 -0.566025 -0.524632 -1.61907 -0.761255 -0.348216 -0.547023 0.233578 0 0 0 1
 -0.413069 0.907039 -0.0815524 -1.88134 0.888772 0.421036 0.181139 -2.30144 0.198637 0.00234139 -0.980069 0.958266 0 0 0 1
 0.18708 0.76967 0.610414 -1.3324 -0.539423 -0.438831 0.718643 -3.18665 0.8209880000000001 -0.463716 0.333081 1.09677 0 0 0 1
 -0.378875 0.859744 -0.342476 -1.27309 -0.124943 -0.414198 -0.901568 -2.85549 -0.916973 -0.298792 0.264349 0.111083 0 0 0 1
 -0.6163149999999999 -0.307611 -0.724932 -1.07289 0.389352 -0.919193 0.059028 -3.42876 -0.684512 -0.245874 0.686283 0.902119 0 0 0 1
 -0.6163149999999999 -0.307611 -0.724932 -1.07289 0.389352 -0.919193 0.059028 -3.42876 -0.684512 -0.245874 0.686283 0.902119 0 0 0 1
 -0.116545 0.384439 -0.915761 -0.454877 0.760325 -0.558694 -0.331304 -3.74554 -0.638998 -0.73489 -0.227186 1.62768 0 0 0 1
 -0.129048 -0.882985 -0.451308 -0.680002 0.990007 -0.140794 -0.00761902 -4.66787 -0.0568148 -0.447783 0.892332 1.93699 0 0 0 1
 -0.338143 -0.940628 -0.0295539 -1.04376 -0.865516 0.323165 -0.382678 -5.55904 0.36951 -0.103821 -0.9234059999999999 2.33561 0 0 0 1
 -0.428703 -0.389029 -0.815392 -0.850556 -0.694198 0.719453 0.0217281 -4.78128 0.5781849999999999 0.575359 -0.578496 1.73801 0 0 0 1
 0.356572 -0.317524 0.878652 -0.696972 0.879153 0.432273 -0.200562 -3.96598 -0.316135 0.843986 0.433289 1.10911 0 0 0 1
 0.764981 0.309753 0.5646679999999999 0.109189 0.519975 0.220302 -0.82528 -3.35956 -0.380032 0.924939 0.00746319 1.09229 0 0 0 1
 0.764981 0.309753 0.5646679999999999 0.109189 0.519975 0.220302 -0.82528 -3.35956 -0.380032 0.924939 0.00746319 1.09229 0 0 0 1
 0.644981 -0.251025 0.721789 -0.356684 0.71513 0.531244 -0.454273 -4.03151 -0.269413 0.809172 0.522159 1.66679 0 0 0 1
 0.097093 -0.992815 0.06987 -0.780037 0.898165 0.117649 0.423619 -4.68893 -0.428797 0.0216242 0.903137 2.29238 0 0 0 1
 0.417911 -0.340305 0.842338 -0.364019 0.603459 0.797069 0.0226214 -4.24307 -0.679102 0.498864 0.538466 1.48932 0 0 0 1
 0.417911 -0.340305 0.842338 -0.364019 0.603459 0.797069 0.0226214 -4.24307 -0.679102 0.498864 0.538466 1.48932 0 0 0 1
 -0.209353 0.5109939999999999 0.833694 -0.336787 0.943528 0.329424 0.035021 -4.77475 -0.256745 0.793949 -0.551105 2.35112 0 0 0 1
 -0.657346 -0.330687 0.6771509999999999 -0.0651902 0.669003 0.157532 0.726368 -5.72395 -0.346876 0.930494 0.117678 2.52143 0 0 0 1
 -0.657346 -0.330687 0.6771509999999999 -0.0651902 0.669003 0.157532 0.726368 -5.72395 -0.346876 0.930494 0.117678 2.52143 0 0 0 1
 -0.657346 -0.330687 0.6771509999999999 -0.0651902 0.669003 0.157532 0.726368 -5.72395 -0.346876 0.930494 0.117678 2.52143 0 0 0 1
 -0.657346 -0.330687 0.6771509999999999 -0.0651902 0.669003 0.157532 0.726368 -5.72395 -0.346876 0.930494 0.117678 2.52143 0 0 0 1
 -0.376527 -0.797186 0.471923 -1.01228 0.496671 0.256303 0.829228 -5.41384 -0.782008 0.546618 0.299435 2.41867 0 0 0 1
 -0.376527 -0.797186 0.471923 -1.01228 0.496671 0.256303 0.829228 -5.41384 -0.782008 0.546618 0.299435 2.41867 0 0 0 1
 0.339214 -0.734371 0.587897 -0.5754010000000001 -0.780562 -0.568527 -0.259793 -6.16258 0.525023 -0.370766 -0.766076 3.01285 0 0 0 1
 0.420851 0.395062 0.816577 -0.93074 -0.864254 -0.0988387 0.493241 -5.30268 0.275573 -0.913315 0.299839 2.63812 0 0 0 1
 0.420851 0.395062 0.816577 -0.93074 -0.864254 -0.0988387 0.493241 -5.30268 0.275573 -0.913315 0.299839 2.63812 0 0 0 1
 0.432805 -0.00934017 0.901432 -1.58608 -0.772021 -0.520139 0.365281 -4.68389 0.465462 -0.854023 -0.232331 2.2078 0 0 0 1
 -0.687716 -0.366476 -0.626681 -2.39543 0.372186 -0.919136 0.129066 -4.25018 -0.623308 -0.144481 0.768505 1.71227 0 0 0 1
 0.852731 0.0477828 0.5201480000000001 -1.51498 -0.5166230000000001 -0.0697629 0.85336 -4.79968 0.07706490000000001 -0.996412 -0.0348039 1.81964 0 0 0 1
 -0.954451 0.290514 -0.0678946 -2.50053 0.261542 0.705271 -0.658922 -4.44665 -0.143544 -0.64667 -0.749132 1.73772 0 0 0 1
 0.92617 0.178603 0.332108 -1.59377 -0.376147 0.375384 0.847106 -4.9633 0.0266292 -0.909491 0.414852 1.62044 0 0 0 1
 0.886209 -0.389021 0.251554 -2.31281 -0.259634 0.032641 0.965149 -4.27134 -0.383675 -0.920643 -0.07207710000000001 1.73467 0 0 0 1
 0.886209 -0.389021 0.251554 -2.31281 -0.259634 0.032641 0.965149 -4.27134 -0.383675 -0.920643 -0.07207710000000001 1.73467 0 0 0 1
 -0.936606 0.349833 0.0192256 -3.14297 0.2268 0.647205 -0.727788 -3.75313 -0.26705 -0.677295 -0.685522 2.08761 0 0 0 1
 -0.835214 0.477626 0.272532 -2.25956 0.44611 0.8782759999999999 -0.172056 -4.21599 -0.32154 -0.0221247 -0.9466290000000001 2.02836 0 0 0 1
 0.929389 0.265911 -0.255953 -1.29566 -0.345049 0.872148 -0.346824 -4.47875 0.131006 0.410653 0.902322 1.74894 0 0 0 1
 0.0512432 0.695308 -0.716871 -1.65554 0.344867 0.661338 0.6660970000000001 -4.64608 0.937243 -0.28136 -0.205903 0.836161 0 0 0 1
 0.0512432 0.695308 -0.716871 -1.65554 0.344867 0.661338 0.6660970000000001 -4.64608 0.937243 -0.28136 -0.205903 0.836161 0 0 0 1
 -0.405536 -0.26259 0.875539 -1.96604 -0.270721 0.949372 0.15934 -4.90314 -0.873061 -0.17241 -0.456095 -0.134996 0 0 0 1
 -0.66077 0.548486 -0.512374 -1.28312 0.505451 -0.179483 -0.843973 -4.60525 -0.554876 -0.816658 -0.158638 0.536245 0 0 0 1
 -0.66077 0.548486 -0.512374 -1.28312 0.505451 -0.179483 -0.843973 -4.60525 -0.554876 -0.816658 -0.158638 0.536245 0 0 0 1
 -0.09688769999999999 -0.243108 -0.965139 -1.19876 0.9209850000000001 -0.389537 0.00566557 -5.55097 -0.377338 -0.888337 0.26164 0.831375 0 0 0 1
 0.87903 -0.231917 -0.416535 -0.350424 0.181997 -0.644288 0.742802 -6.13532 -0.440639 -0.728759 -0.524146 0.9170160000000001 0 0 0 1
 -0.261903 -0.0377475 0.964345 -1.0815 -0.331425 -0.93494 -0.126608 -6.47962 0.9063909999999999 -0.35277 0.232357 1.58681 0 0 0 1
 0.125651 -0.766101 -0.630302 -0.733279 0.469578 -0.513731 0.7180260000000001 -6.1275 -0.873893 -0.386202 0.295194 0.662833 0 0 0 1
 -0.813375 0.111078 -0.571018 -0.962917 0.506231 -0.34843 -0.788867 -5.37814 -0.28659 -0.930719 0.227174 0.0399231 0 0 0 1
 -0.813375 0.111078 -0.571018 -0.962917 0.506231 -0.34843 -0.788867 -5.37814 -0.28659 -0.930719 0.227174 0.0399231 0 0 0 1
 0.64802 -0.761587 -0.00580531 -0.216783 -0.686324 -0.58064 -0.43795 -6.03963 0.330171 0.287786 -0.89897 0.363155 0 0 0 1
 0.64802 -0.761587 -0.00580531 -0.216783 -0.686324 -0.58064 -0.43795 -6.03963 0.330171 0.287786 -0.89897 0.363155 0 0 0 1
 0.677878 -0.659915 -0.323992 -0.907942 -0.649953 -0.332025 -0.683596 -5.37524 0.343547 0.673979 -0.653993 0.0798427 0 0 0 1
 0.766895 -0.460451 -0.447028 -0.190845 -0.23045 0.452521 -0.861452 -5.53386 0.598954 0.763667 0.240927 0.766658 0 0 0 1
 0.751462 -0.573906 -0.325443 -0.993417 -0.438266 -0.0655114 -0.896445 -5.5611 0.493162 0.816282 -0.300757 0.16523 0 0 0 1
 -0.988378 -0.14711 0.0380116 -1.80588 -0.0600015 0.607745 0.791851 -5.15306 -0.139594 0.780375 -0.609515 -0.35032 0 0 0 1
 -0.985747 0.00656803 0.168035 -0.821828 0.117831 -0.685945 0.718036 -5.03746 0.119977 0.72761 0.6754019999999999 -0.205762 0 0 0 1
 0.8345860000000001 0.5452090000000001 0.0786718 0.225752 0.477924 -0.645655 -0.595566 -5.00703 -0.273914 0.534658 -0.799431 -0.0951254 0 0 0 1
 0.955655 -0.0135755 -0.294137 0.738086 -0.0644643 -0.98434 -0.164008 -5.53064 -0.287305 0.175699 -0.9415750000000001 -0.792032 0 0 0 1
 -0.9851839999999999 -0.146634 0.08881699999999999 -0.311704 -0.0455938 -0.275298 -0.960267 -5.50486 0.165259 -0.950099 0.264537 -0.74352 0 0 0 1
 -0.733953 -0.131993 0.666235 0.647262 -0.355109 0.910743 -0.210772 -5.33745 -0.578956 -0.391288 -0.71532 -1.01638 0 0 0 1
 -0.674206 -0.534612 0.509524 1.34409 -0.235511 0.809528 0.537755 -4.96705 -0.699972 0.24256 -0.671701 -0.399677 0 0 0 1
 -0.7012119999999999 -0.697535 -0.147387 2.07606 -0.451846 0.274909 0.84867 -4.72602 -0.551467 0.661699 -0.507954 0.238643 0 0 0 1
 -0.5311129999999999 -0.456357 0.713887 2.57864 -0.841014 0.386289 -0.378757 -3.88466 -0.10292 -0.801561 -0.588969 0.40972 0 0 0 1
 0.915886 -0.0277919 -0.400445 3.45551 0.220847 -0.798142 0.560512 -3.64748 -0.335192 -0.601808 -0.72488 -0.0957008 0 0 0 1
 0.922893 0.318567 -0.216237 2.56152 0.278119 -0.939956 -0.197761 -3.88337 -0.266255 0.122376 -0.95609 0.285301 0 0 0 1
 -0.994646 -0.00594388 -0.103051 1.56525 -0.102928 0.132177 0.985856 -4.20649 0.00775905 0.991196 -0.132084 0.353914 0 0 0 1
 -0.994646 -0.00594388 -0.103051 1.56525 -0.102928 0.132177 0.985856 -4.20649 0.00775905 0.991196 -0.132084 0.353914 0 0 0 1
 -0.931407 0.0498394 -0.360517 2.5669 -0.335899 -0.499031 0.798822 -4.19401 -0.1401 0.865136 0.481545 0.318812 0 0 0 1
 -0.931407 0.0498394 -0.360517 2.5669 -0.335899 -0.499031 0.798822 -4.19401 -0.1401 0.865136 0.481545 0.318812 0 0 0 1
 -0.901419 -0.211297 0.377851 3.4316 0.345896 0.173332 0.92211 -3.71269 -0.260339 0.961916 -0.083159 0.520895 0 0 0 1
 0.9347490000000001 -0.274579 -0.225444 4.43184 -0.325055 -0.917088 -0.230792 -3.93783 -0.14338 0.289019 -0.946512 0.741049 0 0 0 1
 0.980058 0.133139 0.147427 3.4753 -0.099172 -0.315125 0.943841 -3.74951 0.172125 -0.939651 -0.295642 0.529169 0 0 0 1
 0.693423 0.712437 -0.107577 2.79147 -0.6198709999999999 0.665985 0.414969 -3.09981 0.367291 -0.221068 0.903439 0.213247 0 0 0 1
 0.0199712 -0.36675 -0.930092 2.812 0.361519 0.86998 -0.335282 -2.71444 0.932137 -0.329556 0.149961 1.15786 0 0 0 1
 0.161883 0.876271 0.453781 2.79453 -0.527874 0.465417 -0.71043 -3.02041 -0.833737 -0.124532 0.537913 0.156618 0 0 0 1
 -0.475011 -0.257739 -0.841374 2.49818 0.6667419999999999 0.51857 -0.535272 -2.3153 0.574277 -0.8152509999999999 -0.0744841 0.871716 0 0 0 1
 -0.259307 -0.860451 0.438587 2.58886 0.9567059999999999 -0.290967 -0.00520897 -3.1419 0.132097 0.418251 0.898661 0.317836 0 0 0 1
 -0.020768 -0.896252 -0.443028 2.90252 -0.8330149999999999 -0.229518 0.503371 -4.12062 -0.552837 0.379506 -0.7418360000000001 0.477079 0 0 0 1
 0.157985 -0.573837 -0.803571 3.02971 -0.81713 -0.532853 0.219867 -3.48797 -0.554359 0.621893 -0.553092 1.24271 0 0 0 1
 -0.493203 -0.0576862 0.867984 2.62528 0.738948 -0.554263 0.383044 -2.60733 0.458999 0.830325 0.315998 1.63835 0 0 0 1
 -0.0173806 -0.760375 0.649231 3.2003 -0.0410684 -0.648237 -0.760314 -3.38394 0.998992 -0.0398796 -0.019958 1.3219 0 0 0 1
 0.389472 -0.658184 0.644266 3.18155 0.40172 -0.50806 -0.761886 -2.61256 0.828798 0.555554 0.06653390000000001 1.97986 0 0 0 1
 0.0504486 -0.891149 0.450867 2.52652 0.257994 -0.424488 -0.867884 -2.5797 0.964815 0.160104 0.208502 1.21082 0 0 0 1
 0.287729 0.388829 0.875212 2.58621 0.141852 -0.921083 0.362571 -2.7906 0.9471349999999999 0.0198311 -0.32018 0.228427 0 0 0 1
 0.25679 -0.527894 0.809543 2.38849 0.120023 -0.8137259999999999 -0.568697 -2.96357 0.958972 0.243202 -0.145596 -0.73529 0 0 0 1
 -0.449827 0.421094 -0.787596 2.05008 -0.209672 -0.907003 -0.36518 -3.07494 -0.86814 0.00087139 0.49629 -1.72186 0 0 0 1
 -0.449827 0.421094 -0.787596 2.05008 -0.209672 -0.907003 -0.36518 -3.07494 -0.86814 0.00087139 0.49629 -1.72186 0 0 0 1
 -0.630906 -0.512287 -0.582659 2.44641 0.276837 -0.850203 0.447761 -2.84384 -0.724773 0.121194 0.678225 -0.833696 0 0 0 1
 0.140861 -0.984831 0.101187 2.6542 -0.579963 -0.164916 -0.797758 -3.10587 0.802356 0.0536855 -0.594403 0.151187 0 0 0 1
 -0.39988 -0.767621 0.500825 2.46007 0.338266 -0.63144 -0.697733 -2.62408 0.851846 -0.109601 0.51217 -0.715198 0 0 0 1
 -0.39988 -0.767621 0.500825 2.46007 0.338266 -0.63144 -0.697733 -2.62408 0.851846 -0.109601 0.51217 -0.715198 0 0 0 1
 -0.39988 -0.767621 0.500825 2.46007 0.338266 -0.63144 -0.697733 -2.62408 0.851846 -0.109601 0.51217 -0.715198 0 0 0 1
 -0.637005 -0.728552 -0.251808 2.95126 0.348176 0.0195045 -0.937211 -3.21361 0.6877259999999999 -0.684694 0.241244 -1.35553 0 0 0 1
 -0.637005 -0.728552 -0.251808 2.95126 0.348176 0.0195045 -0.937211 -3.21361 0.6877259999999999 -0.684694 0.241244 -1.35553 0 0 0 1
 0.813436 -0.345261 0.468069 3.67699 -0.0532915 0.757117 0.65108 -3.38028 -0.5791809999999999 -0.554566 0.597476 -2.09661 0 0 0 1
 -0.5254180000000001 0.840333 -0.133218 3.17053 0.5356 0.448327 0.715616 -3.00865 0.661089 0.304652 -0.685653 -1.25937 0 0 0 1
 0.842387 -0.261908 -0.470913 3.69778 -0.138892 -0.949923 0.279868 -3.37372 -0.520636 -0.170354 -0.8365939999999999 -2.09351 0 0 0 1
 -0.786813 0.332986 0.519632 2.90729 -0.148023 -0.919192 0.364891 -3.28228 0.599152 0.210189 0.7725340000000001 -1.41434 0 0 0 1
 0.917485 0.07805570000000001 -0.39 3.89804 0.0976928 -0.994726 0.030743 -3.10952 -0.385547 -0.0663058 -0.920287 -1.69978 0 0 0 1
 0.917485 0.07805570000000001 -0.39 3.89804 0.0976928 -0.994726 0.030743 -3.10952 -0.385547 -0.0663058 -0.920287 -1.69978 0 0 0 1
 -0.58789 -0.458437 0.666477 2.87148 -0.411881 0.878739 0.241124 -3.29218 -0.6962120000000001 -0.132759 -0.705433 -1.71693 0 0 0 1
 0.607775 -0.0257705 -0.793673 3.6077 0.606418 0.6603250000000001 0.442942 -2.74254 0.512677 -0.750518 0.41696 -1.21357 0 0 0 1
 0.150503 0.163503 -0.974981 2.84479 0.656419 0.720902 0.222225 -3.3278 0.739211 -0.6734520000000001 0.00116792 -1.49877 0 0 0 1
 0.0948354 -0.937297 0.335337 2.73812 -0.0587455 0.331001 0.941784 -4.03106 -0.993743 -0.109019 -0.0236716 -2.26241 0 0 0 1
 -0.300971 -0.842605 0.446548 2.84172 0.8388640000000001 -0.456633 -0.29625 -3.42101 0.453535 0.285432 0.844278 -1.42748 0 0 0 1
 -0.293968 -0.867383 -0.401498 2.82261 0.73262 0.0653 -0.677475 -4.15587 0.613857 -0.493312 0.616274 -2.10808 0 0 0 1
 -0.558724 -0.0692961 0.8264359999999999 3.06027 0.820018 -0.195125 0.538021 -5.11464 0.123976 0.978312 0.16585 -2.27298 0 0 0 1
 0.0490149 0.954549 0.293945 3.49699 -0.7177519999999999 -0.170992 0.6749540000000001 -6.06395 0.69455 -0.244063 0.67676 -2.36726 0 0 0 1
 0.0369726 -0.09017310000000001 0.995225 3.14519 -0.927077 -0.37483 0.000476807 -5.20043 0.373003 -0.922682 -0.0974541 -2.74448 0 0 0 1
 -0.0641935 -0.0288855 -0.9975039999999999 2.75489 0.951398 -0.303417 -0.052438 -4.27423 -0.30115 -0.952404 0.0469566 -3.04402 0 0 0 1
 0.338561 0.577568 -0.742806 3.34537 0.689895 -0.6891890000000001 -0.221431 -3.4678 -0.639834 -0.437495 -0.631807 -3.10168 0 0 0 1
 -0.225993 -0.882072 -0.413335 2.9094 -0.965984 0.148231 0.21183 -4.36038 -0.125582 0.447151 -0.885581 -2.76626 0 0 0 1
 -0.422463 0.181571 -0.8879899999999999 2.82899 0.811844 -0.359803 -0.459805 -3.35487 -0.402997 -0.915173 0.00459367 -3.02352 0 0 0 1
 -0.712882 -0.545692 -0.440442 3.36479 0.682654 -0.683741 -0.257781 -4.06544 -0.160484 -0.484446 0.859957 -2.56386 0 0 0 1
 -0.712882 -0.545692 -0.440442 3.36479 0.682654 -0.683741 -0.257781 -4.06544 -0.160484 -0.484446 0.859957 -2.56386 0 0 0 1
 -0.492259 -0.783841 -0.378475 3.94199 -0.794161 0.226462 0.563908 -4.82528 -0.35631 0.578165 -0.7339869999999999 -2.19964 0 0 0 1
 -0.492259 -0.783841 -0.378475 3.94199 -0.794161 0.226462 0.563908 -4.82528 -0.35631 0.578165 -0.7339869999999999 -2.19964 0 0 0 1
 -0.000617445 -0.9429380000000001 0.332922 3.46769 -0.464469 0.295103 0.834955 -5.48864 -0.885571 -0.154122 -0.438154 -2.78496 0 0 0 1
 -0.000617445 -0.9429380000000001 0.332922 3.46769 -0.464469 0.295103 0.834955 -5.48864 -0.885571 -0.154122 -0.438154 -2.78496 0 0 0 1
 0.284508 -0.0316775 0.958134 3.87245 0.07650410000000001 0.997 0.0102432 -5.34018 -0.955599 0.07038750000000001 0.286086 -1.86646 0 0 0 1
 0.498415 -0.581304 -0.643146 4.16138 0.118131 0.780484 -0.613887 -5.53669 0.858836 0.229997 0.457681 -0.8814650000000001 0 0 0 1
 0.499208 -0.412974 -0.7617159999999999 3.52667 0.567568 0.820094 -0.07265249999999999 -5.9379 0.654695 -0.396065 0.643797 -1.5475 0 0 0 1
 0.803411 0.415629 -0.426321 3.18743 0.434944 0.0792649 0.896943 -6.57509 0.406597 -0.906054 -0.117097 -2.25822 0 0 0 1
 -0.62417 0.108352 0.773717 2.3527 0.23617 0.970155 0.0546582 -6.67992 -0.744718 0.216848 -0.63114 -2.86559 0 0 0 1
 0.7388710000000001 -0.221356 0.636425 3.18975 0.672573 0.184858 -0.716545 -6.6674 0.0409656 0.957493 0.285472 -2.24392 0 0 0 1
 0.963821 -0.263934 -0.0367804 4.18718 0.202607 0.815436 -0.542198 -6.56689 0.173103 0.515138 0.839425 -2.31448 0 0 0 1
 -0.904108 0.156511 0.397564 3.16905 0.299782 -0.430631 0.851264 -6.73144 0.304439 0.888835 0.342425 -2.15657 0 0 0 1
 -0.904108 0.156511 0.397564 3.16905 0.299782 -0.430631 0.851264 -6.73144 0.304439 0.888835 0.342425 -2.15657 0 0 0 1
 0.889962 0.359383 0.28067 4.20438 -0.0760846 0.7239 -0.68567 -6.61389 -0.449601 0.588877 0.6716 -2.30612 0 0 0 1
 0.842409 0.535923 0.0556627 3.31555 0.48985 -0.718749 -0.493365 -6.5137 -0.2244 0.442891 -0.868018 -1.8624 0 0 0 1
 0.842409 0.535923 0.0556627 3.31555 0.48985 -0.718749 -0.493365 -6.5137 -0.2244 0.442891 -0.868018 -1.8624 0 0 0 1
 0.952536 0.193179 0.235205 2.47227 0.027949 -0.825005 0.564401 -7.046 0.303084 -0.531047 -0.79126 -1.70844 0 0 0 1
 -0.990444 0.045836 0.129937 1.4427 0.0388891 -0.811698 0.582748 -7.23268 0.13218 0.582243 0.8021740000000001 -1.7882 0 0 0 1
 0.793231 -0.509352 -0.333629 2.26341 0.587853 0.783408 0.201648 -6.6014 0.158664 -0.356086 0.920864 -1.99286 0 0 0 1
 0.009608759999999999 0.6806219999999999 -0.7325469999999999 2.97091 0.80583 0.42847 0.408672 -6.06194 0.592036 -0.594244 -0.544361 -1.52934 0 0 0 1
 -0.251308 0.222743 -0.941909 2.6294 0.950224 0.241845 -0.196333 -5.12497 0.184066 -0.9443820000000001 -0.272441 -1.42031 0 0 0 1
 0.194753 0.686926 -0.700119 2.9533 0.091164 0.698018 0.710226 -6.08699 0.976587 -0.202146 0.0733168 -1.47572 0 0 0 1
 0.0418077 0.291888 -0.955518 2.20275 -0.424232 0.871045 0.247524 -6.01106 0.904567 0.395021 0.160245 -2.13447 0 0 0 1
 0.0418077 0.291888 -0.955518 2.20275 -0.424232 0.871045 0.247524 -6.01106 0.904567 0.395021 0.160245 -2.13447 0 0 0 1
 0.161155 0.955302 -0.24777 2.14967 -0.0380437 0.256876 0.965675 -5.65421 0.986177 -0.146197 0.0777403 -3.07325 0 0 0 1
 -0.192667 0.431777 -0.881141 2.18974 -0.459538 -0.833108 -0.307757 -6.16216 -0.866986 0.345632 0.358936 -3.98805 0 0 0 1
 -0.192667 0.431777 -0.881141 2.18974 -0.459538 -0.833108 -0.307757 -6.16216 -0.866986 0.345632 0.358936 -3.98805 0 0 0 1
 -0.342224 -0.6455340000000001 -0.682737 2.1566 -0.0938885 -0.69948 0.708429 -5.97373 -0.9348959999999999 0.306547 0.178772 -3.00629 0 0 0 1
 -0.132749 -0.9899559999999999 -0.0482231 2.10078 0.127366 -0.06528779999999999 0.989684 -5.78393 -0.982912 0.125237 0.134756 -2.02734 0 0 0 1
 -0.0154659 -0.794741 -0.606719 2.21999 -0.785164 0.385348 -0.48475 -6.14585 0.619062 0.468884 -0.629975 -1.04959 0 0 0 1
 0.165612 -0.976033 0.141041 2.16839 -0.982704 -0.151354 0.106496 -7.13429 -0.082597 -0.156244 -0.9842379999999999 -1.29768 0 0 0 1
 0.165612 -0.976033 0.141041 2.16839 -0.982704 -0.151354 0.106496 -7.13429 -0.082597 -0.156244 -0.9842379999999999 -1.29768 0 0 0 1
 -0.511243 -0.466657 0.72168 1.80905 0.798105 0.0536715 0.600087 -6.18286 -0.318777 0.882783 0.345011 -1.53428 0 0 0 1
 0.170508 0.366954 0.914456 2.1749 0.358128 -0.887657 0.289422 -5.90808 0.917948 0.278151 -0.282773 -0.620873 0 0 0 1
 0.170508 0.366954 0.914456 2.1749 0.358128 -0.887657 0.289422 -5.90808 0.917948 0.278151 -0.282773 -0.620873 0 0 0 1
 0.461626 0.837305 0.292882 2.8234 0.6102340000000001 -0.5393869999999999 0.5802 -5.23177 0.643796 -0.0891074 -0.7599630000000001 -0.236058 0 0 0 1
 0.840584 0.425933 -0.334601 2.22384 0.122905 0.451631 0.883674 -5.32208 0.527516 -0.783942 0.32729 -1.04377 0 0 0 1
 -0.505419 -0.187658 0.8421959999999999 1.57407 -0.444613 0.893127 -0.0678175 -5.95858 -0.739478 -0.408737 -0.534848 -1.55673 0 0 0 1
 -0.505419 -0.187658 0.8421959999999999 1.57407 -0.444613 0.893127 -0.0678175 -5.95858 -0.739478 -0.408737 -0.534848 -1.55673 0 0 0 1
 -0.505419 -0.187658 0.8421959999999999 1.57407 -0.444613 0.893127 -0.0678175 -5.95858 -0.739478 -0.408737 -0.534848 -1.55673 0 0 0 1
 0.36102 0.353967 0.862745 1.55693 -0.261287 0.926478 -0.270781 -5.69266 -0.895181 -0.127669 0.426977 -0.59139 0 0 0 1
 0.0187642 0.94434 -0.32837 1.56924 0.558392 0.262531 0.7869119999999999 -5.32245 0.829338 -0.198127 -0.5223989999999999 0.383489 0 0 0 1
 0.0187642 0.94434 -0.32837 1.56924 0.558392 0.262531 0.7869119999999999 -5.32245 0.829338 -0.198127 -0.5223989999999999 0.383489 0 0 0 1
 0.462535 0.647753 0.605338 1.63697 -0.34869 0.760652 -0.54752 -5.64928 -0.815126 0.0421747 0.577708 -0.60179 0 0 0 1
 0.462535 0.647753 0.605338 1.63697 -0.34869 0.760652 -0.54752 -5.64928 -0.815126 0.0421747 0.577708 -0.60179 0 0 0 1
 0.267189 0.9492620000000001 -0.165734 1.51917 -0.423483 -0.0388179 -0.905046 -5.3031 -0.865578 0.312014 0.391634 0.326219 0 0 0 1
 0.42538 0.776902 0.464145 1.40995 -0.19248 0.578793 -0.792403 -5.07381 -0.884283 0.247741 0.395756 1.29548 0 0 0 1
 0.42538 0.776902 0.464145 1.40995 -0.19248 0.578793 -0.792403 -5.07381 -0.884283 0.247741 0.395756 1.29548 0 0 0 1
 0.215553 0.0591738 0.974675 1.17939 -0.0607835 0.997016 -0.0470897 -4.86573 -0.974575 -0.0490951 0.218514 2.24491 0 0 0 1
 0.215553 0.0591738 0.974675 1.17939 -0.0607835 0.997016 -0.0470897 -4.86573 -0.974575 -0.0490951 0.218514 2.24491 0 0 0 1
 -0.0859096 0.522424 -0.848321 0.9135799999999999 0.479762 0.7679319999999999 0.424335 -4.7639 0.873156 -0.370545 -0.316622 3.24565 0 0 0 1
 -0.432305 0.227761 -0.872463 0.581542 0.39294 0.9184330000000001 0.0450622 -4.29608 0.81158 -0.323353 -0.486554 4.06964 0 0 0 1
 -0.368427 0.7159140000000001 -0.593029 1.18833 0.2695 0.69276 0.668883 -4.48406 0.88971 0.08661770000000001 -0.448182 3.29696 0 0 0 1
 -0.237815 -0.0778351 -0.968163 1.69113 0.230948 0.963641 -0.134199 -4.46363 0.943429 -0.255517 -0.2112 2.43446 0 0 0 1
 -0.237815 -0.0778351 -0.968163 1.69113 0.230948 0.963641 -0.134199 -4.46363 0.943429 -0.255517 -0.2112 2.43446 0 0 0 1
 -0.237815 -0.0778351 -0.968163 1.69113 0.230948 0.963641 -0.134199 -4.46363 0.943429 -0.255517 -0.2112 2.43446 0 0 0 1
 -0.221026 0.657598 0.720184 1.98943 0.904837 0.41376 -0.10011 -4.67069 -0.363825 0.62954 -0.686486 1.48236 0 0 0 1
 -0.221026 0.657598 0.720184 1.98943 0.904837 0.41376 -0.10011 -4.67069 -0.363825 0.62954 -0.686486 1.48236 0 0 0 1
 -0.5117620000000001 0.0727351 0.856015 2.05156 0.790963 0.428777 0.436437 -5.40891 -0.335305 0.900451 -0.276967 2.16046 0 0 0 1
 -0.556341 0.0345611 0.830207 1.4436 0.568699 0.744279 0.350112 -4.64169 -0.6058210000000001 0.666937 -0.433736 1.94048 0 0 0 1
 -0.556341 0.0345611 0.830207 1.4436 0.568699 0.744279 0.350112 -4.64169 -0.6058210000000001 0.666937 -0.433736 1.94048 0 0 0 1
 -0.410383 0.894591 0.17676 2.03294 0.465578 0.372218 -0.802895 -5.19429 -0.784076 -0.247203 -0.569268 2.53567 0 0 0 1
 0.855881 0.498861 0.136222 2.70813 -0.341475 0.347385 0.873308 -5.87124 0.38835 -0.793983 0.467681 2.93898 0 0 0 1
 -0.388715 0.808628 0.441558 1.97034 0.642691 0.581373 -0.4989 -5.23825 -0.660152 0.08985940000000001 -0.745704 2.56927 0 0 0 1
 -0.389223 0.623555 -0.677964 1.33977 0.825998 -0.0894533 -0.556482 -4.63298 -0.407655 -0.7766110000000001 -0.480252 2.0792 0 0 0 1
 0.252486 0.311174 0.916172 1.21116 -0.140262 -0.925078 0.352851 -5.5387 0.957355 -0.217598 -0.189927 2.60222 0 0 0 1
 0.185678 0.35562 -0.915974 0.671457 -0.7294890000000001 -0.574613 -0.370963 -5.49656 -0.658268 0.737093 0.15273 1.73685 0 0 0 1
 -0.5733009999999999 0.176137 -0.800157 0.075654 -0.569674 0.616191 0.543808 -5.13419 0.588849 0.767614 -0.252931 2.51547 0 0 0 1
 -0.287323 0.886339 -0.36304 0.44082 -0.582346 0.13926 0.800891 -4.41788 0.7604379999999999 0.441543 0.476155 1.91835 0 0 0 1
 0.239942 0.842603 -0.482075 0.732759 0.683396 -0.499298 -0.532556 -3.69026 -0.689451 -0.201669 -0.695654 1.22035 0 0 0 1
 0.0933132 0.0696008 -0.993175 0.272322 0.848488 -0.527431 0.04276 -4.43206 -0.5208700000000001 -0.84671 -0.108277 1.71114 0 0 0 1
 0.0933132 0.0696008 -0.993175 0.272322 0.848488 -0.527431 0.04276 -4.43206 -0.5208700000000001 -0.84671 -0.108277 1.71114 0 0 0 1
 0.521737 0.597332 -0.609043 -0.198115 0.504325 -0.791776 -0.344516 -5.08791 -0.688034 -0.12741 -0.714369 2.30801 0 0 0 1
 -0.779833 0.383381 -0.4948 -0.657666 -0.328921 0.421539 0.845021 -5.52944 0.532556 0.821748 -0.202635 3.14684 0 0 0 1
 -0.138045 -0.989634 0.0389042 -0.787727 -0.800593 0.0883814 -0.592607 -6.52335 0.583043 -0.112958 -0.804517 3.31262 0 0 0 1
 -0.711193 -0.410642 0.570546 -0.653525 -0.702916 0.424056 -0.57099 -5.54101 -0.00747231 -0.807154 -0.590247 3.10638 0 0 0 1
 -0.792587 0.453612 0.407415 -0.125204 0.0700052 0.73147 -0.6782280000000001 -4.65919 -0.605683 -0.509047 -0.611525 3.08452 0 0 0 1
 -0.762001 -0.414631 0.497373 0.6652400000000001 0.21058 0.5676600000000001 0.795839 -4.74176 -0.612338 0.711186 -0.345254 3.69329 0 0 0 1
 -0.801192 0.583372 -0.13309 1.45399 0.596624 0.795789 -0.103447 -4.93945 0.0455624 -0.162289 -0.985662 4.29344 0 0 0 1
 0.447117 -0.857904 -0.253045 2.07578 -0.211603 -0.376321 0.901969 -5.1729 -0.869053 -0.349753 -0.349806 3.50278 0 0 0 1
 0.5099669999999999 0.302315 0.805285 2.58435 -0.836045 -0.0459186 0.546682 -6.00758 0.202255 -0.952071 0.22934 3.80842 0 0 0 1
 -0.469582 -0.495425 -0.730746 1.90534 0.872372 -0.38756 -0.297833 -5.24757 -0.13566 -0.777363 0.6142030000000001 3.54219 0 0 0 1
 -0.715915 -0.585842 -0.379733 2.45467 0.664492 -0.404956 -0.628013 -5.92501 0.214145 -0.701955 0.679222 4.04055 0 0 0 1
 0.445988 -0.454819 -0.770829 3.28221 -0.501632 -0.840267 0.205559 -6.31078 -0.741215 0.295005 -0.602921 3.53856 0 0 0 1
 -0.314597 0.0344038 0.9485710000000001 2.61135 -0.361301 -0.928427 -0.08615639999999999 -5.90182 0.877741 -0.369835 0.304522 4.19913 0 0 0 1
 -0.209663 0.929257 0.304078 3.07411 0.0266985 -0.305436 0.951806 -5.59742 0.977378 0.207685 0.0392299 3.36203 0 0 0 1
 -0.482349 0.869077 0.109479 3.41242 -0.0195234 0.114279 -0.993225 -5.17925 -0.875729 -0.481232 -0.0381553 2.46042 0 0 0 1
 0.772306 0.364077 -0.5205109999999999 4.11433 -0.373144 -0.403094 -0.8355939999999999 -5.60751 -0.514049 0.839587 -0.175465 3.10132 0 0 0 1
 -0.903991 -0.113355 -0.412178 3.18281 -0.425991 0.158503 0.8907 -5.41795 -0.0356364 0.980799 -0.191581 3.55373 0 0 0 1
 -0.9190390000000001 -0.370867 -0.133284 3.90363 -0.367383 0.683898 0.630278 -4.72422 -0.142602 0.628236 -0.764803 3.4627 0 0 0 1
 0.86597 0.280632 0.413862 4.81775 0.191265 0.578797 -0.7926840000000001 -4.32296 -0.462008 0.765622 0.447561 3.12051 0 0 0 1
 0.613751 0.121629 0.780036 5.12771 -0.767278 0.324474 0.5531160000000001 -5.0634 -0.18583 -0.938009 0.292479 2.47226 0 0 0 1
 0.764496 -0.49539 -0.4124 4.33032 0.0952124 -0.545965 0.832341 -4.44397 -0.637509 -0.675609 -0.370234 2.45099 0 0 0 1
 0.857701 -0.136067 -0.495756 5.2949 0.313763 -0.625316 0.714469 -4.57527 -0.407232 -0.768375 -0.493658 2.1949 0 0 0 1
 0.485951 -0.870688 0.07544480000000001 4.40576 -0.397457 -0.143294 0.906327 -4.74344 -0.778342 -0.470433 -0.415709 2.66303 0 0 0 1
 -0.84049 0.411221 0.352721 4.24029 0.376357 0.911475 -0.16584 -3.97788 -0.389707 -0.00663772 -0.92088 3.34909 0 0 0 1
 -0.562513 0.199329 0.802362 3.83852 -0.301738 0.854026 -0.423707 -4.41481 -0.76972 -0.480459 -0.420268 2.51861 0 0 0 1
 -0.993343 -0.105015 0.0466731 4.28231 -0.0632997 0.83897 0.540422 -3.92993 -0.09591379999999999 0.533886 -0.84006 3.30087 0 0 0 1
 0.293119 -0.616767 0.730491 5.22208 0.371562 0.7774799999999999 0.507344 -3.85327 -0.880884 0.122713 0.457077 3.66977 0 0 0 1
 -0.647614 -0.476719 0.5943659999999999 4.22845 0.615875 0.131739 0.776708 -3.96386 -0.448589 0.86909 0.20829 3.48476 0 0 0 1
 -0.647614 -0.476719 0.5943659999999999 4.22845 0.615875 0.131739 0.776708 -3.96386 -0.448589 0.86909 0.20829 3.48476 0 0 0 1
 -0.531095 0.327633 0.7813639999999999 4.71785 0.723658 0.655035 0.217206 -4.60669 -0.440673 0.68082 -0.584999 4.0717 0 0 0 1
 -0.531095 0.327633 0.7813639999999999 4.71785 0.723658 0.655035 0.217206 -4.60669 -0.440673 0.68082 -0.584999 4.0717 0 0 0 1
 0.9323090000000001 -0.350353 -0.0893814 5.6349 -0.290466 -0.578494 -0.762172 -5.1037 0.21533 0.7365660000000001 -0.6411210000000001 4.13716 0 0 0 1
 0.9323090000000001 -0.350353 -0.0893814 5.6349 -0.290466 -0.578494 -0.762172 -5.1037 0.21533 0.7365660000000001 -0.6411210000000001 4.13716 0 0 0 1
 0.9323090000000001 -0.350353 -0.0893814 5.6349 -0.290466 -0.578494 -0.762172 -5.1037 0.21533 0.7365660000000001 -0.6411210000000001 4.13716 0 0 0 1
 0.09554310000000001 -0.937686 0.333993 4.65013 -0.0247354 -0.337658 -0.940907 -4.80239 0.995084 0.081638 -0.0554559 4.06397 0 0 0 1
 0.09554310000000001 -0.937686 0.333993 4.65013 -0.0247354 -0.337658 -0.940907 -4.80239 0.995084 0.081638 -0.0554559 4.06397 0 0 0 1
 -0.320202 -0.658013 0.681487 4.18432 -0.484845 -0.504167 -0.7146130000000001 -5.37602 0.813835 -0.5592549999999999 -0.157603 3.35857 0 0 0 1
 0.0871083 -0.857067 0.507723 4.42403 0.242469 0.512576 0.823653 -4.89141 -0.966205 0.0513605 0.25247 2.46106 0 0 0 1
 -0.419011 -0.868456 0.264855 4.16458 0.712736 -0.133909 0.68848 -5.07061 -0.562468 0.477268 0.675112 3.43115 0 0 0 1
 -0.252391 -0.431448 -0.866074 4.68751 -0.117423 0.902094 -0.415169 -5.42731 0.960438 -0.00308943 -0.278353 4.24447 0 0 0 1
 -0.252391 -0.431448 -0.866074 4.68751 -0.117423 0.902094 -0.415169 -5.42731 0.960438 -0.00308943 -0.278353 4.24447 0 0 0 1
 -0.897285 -0.209662 -0.388399 4.536 0.439385 -0.507807 -0.740945 -5.43168 -0.0418868 -0.835524 0.54779 3.21447 0 0 0 1
 -0.732448 0.325552 -0.597885 5.28915 0.567335 -0.193508 -0.800383 -6.06463 -0.376277 -0.925472 -0.0429636 3.40698 0 0 0 1
 -0.732448 0.325552 -0.597885 5.28915 0.567335 -0.193508 -0.800383 -6.06463 -0.376277 -0.925472 -0.0429636 3.40698 0 0 0 1
 -0.210677 0.494531 0.843199 5.04704 -0.964205 -0.247002 -0.09604989999999999 -6.97272 0.160779 -0.833281 0.528887 3.84523 0 0 0 1
 -0.210677 0.494531 0.843199 5.04704 -0.964205 -0.247002 -0.09604989999999999 -6.97272 0.160779 -0.833281 0.528887 3.84523 0 0 0 1
 -0.210677 0.494531 0.843199 5.04704 -0.964205 -0.247002 -0.09604989999999999 -6.97272 0.160779 -0.833281 0.528887 3.84523 0 0 0 1
 -0.210677 0.494531 0.843199 5.04704 -0.964205 -0.247002 -0.09604989999999999 -6.97272 0.160779 -0.833281 0.528887 3.84523 0 0 0 1
 -0.219162 0.104318 0.97006 4.22918 -0.5420199999999999 -0.839706 -0.0321603 -7.4192 0.81124 -0.5328580000000001 0.240584 4.24474 0 0 0 1
 -0.146936 -0.115636 0.982328 4.71741 -0.906709 -0.38109 -0.180489 -7.00798 0.395241 -0.917238 -0.0488522 3.45966 0 0 0 1
 -0.164964 -0.0419725 0.98537 5.30751 -0.926419 0.349303 -0.140219 -6.34878 -0.338318 -0.9360309999999999 -0.0965085 2.9568 0 0 0 1
 0.92455 0.376713 0.0567742 5.81818 0.122149 -0.434288 0.892412 -5.63991 0.360854 -0.818174 -0.447553 3.51448 0 0 0 1
 0.733464 0.678748 -0.0354803 6.59294 0.251094 -0.222093 0.942099 -5.64709 0.631592 -0.6999300000000001 -0.333341 4.15598 0 0 0 1
 0.733464 0.678748 -0.0354803 6.59294 0.251094 -0.222093 0.942099 -5.64709 0.631592 -0.6999300000000001 -0.333341 4.15598 0 0 0 1
 0.633443 0.127449 -0.763173 5.94727 0.379515 0.808328 0.449997 -5.90809 0.674272 -0.5747060000000001 0.463677 3.43887 0 0 0 1
 0.633443 0.127449 -0.763173 5.94727 0.379515 0.808328 0.449997 -5.90809 0.674272 -0.5747060000000001 0.463677 3.43887 0 0 0 1
 0.818941 -0.0619733 -0.570457 5.32056 0.474789 0.6314419999999999 0.613008 -6.20616 0.322234 -0.772895 0.546557 2.70755 0 0 0 1
 -0.904717 0.416057 -0.091155 4.34629 0.296118 0.460585 -0.836718 -6.51743 -0.306152 -0.784016 -0.539921 2.52945 0 0 0 1
 0.763082 -0.6348780000000001 0.12067 5.10692 -0.606914 -0.639889 0.471295 -7.2353 -0.222006 -0.43289 -0.873638 2.55443 0 0 0 1


