# Created by Octave 4.0.0, Tue Jul 12 17:21:57 2016 BRT <anaritapereira@lasi-xps>
# name: pose_12
# type: matrix
# rows: 251
# columns: 16
 1 0 0 0 0 1 0 0 0 0 1 0 0 0 0 1
 1 0 0 0 0 1 0 0 0 0 1 0 0 0 0 1
 0.79013 0.603421 -0.1076 0.869417 -0.0270187 0.209666 0.977399 0.357517 0.612343 -0.769366 0.181967 0.340614 0 0 0 1
 -0.840869 0.06426460000000001 -0.5374100000000001 1.84476 0.339659 -0.710404 -0.616406 0.565882 -0.421392 -0.7008529999999999 0.575529 0.624579 0 0 0 1
 -0.160173 0.888485 0.430045 1.4794 -0.981918 -0.18795 0.022588 0.802291 0.100896 -0.418651 0.902524 -0.300585 0 0 0 1
 -0.160173 0.888485 0.430045 1.4794 -0.981918 -0.18795 0.022588 0.802291 0.100896 -0.418651 0.902524 -0.300585 0 0 0 1
 -0.160173 0.888485 0.430045 1.4794 -0.981918 -0.18795 0.022588 0.802291 0.100896 -0.418651 0.902524 -0.300585 0 0 0 1
 0.0337249 0.992798 -0.114953 1.53612 -0.994444 0.0448089 0.09524290000000001 -0.201752 0.09970809999999999 0.111103 0.988794 -0.275884 0 0 0 1
 -0.0473217 0.911453 -0.408673 2.1227 -0.996493 -0.0148159 0.08234420000000001 -1.00869 0.068998 0.411137 0.908958 -0.358668 0 0 0 1
 0.450694 0.470085 0.758876 2.52836 -0.390436 -0.660682 0.641138 -1.86256 0.802766 -0.585249 -0.114227 -0.0365533 0 0 0 1
 0.112307 -0.944039 0.310121 3.14969 0.447699 0.326697 0.832365 -2.64376 -0.8871019999999999 0.0453599 0.459336 0.301578 0 0 0 1
 -0.424218 -0.6061879999999999 0.672735 2.73488 -0.0001522 0.742942 0.669353 -2.03218 -0.905559 0.283849 -0.315262 -0.374895 0 0 0 1
 -0.424218 -0.6061879999999999 0.672735 2.73488 -0.0001522 0.742942 0.669353 -2.03218 -0.905559 0.283849 -0.315262 -0.374895 0 0 0 1
 -0.227455 0.964541 -0.133873 2.20066 -0.430541 0.0236996 0.902258 -1.45231 0.873439 0.262862 0.409884 -1.06827 0 0 0 1
 -0.227455 0.964541 -0.133873 2.20066 -0.430541 0.0236996 0.902258 -1.45231 0.873439 0.262862 0.409884 -1.06827 0 0 0 1
 -0.665345 0.647791 -0.371053 1.90429 -0.390463 0.121657 0.912543 -1.20236 0.636279 0.75204 0.171994 -1.99701 0 0 0 1
 0.0400417 0.666888 0.744079 1.53554 -0.864978 0.395926 -0.308304 -0.910323 -0.500205 -0.6312680000000001 0.5926979999999999 -1.0602 0 0 0 1
 0.190276 0.940859 -0.280313 1.83354 -0.765177 0.321015 0.558076 -1.42519 0.615056 0.108301 0.781007 -1.89214 0 0 0 1
 0.7982089999999999 0.500118 -0.335768 2.48076 -0.558307 0.404941 -0.724094 -1.96109 -0.226167 0.765441 0.602448 -1.34797 0 0 0 1
 -0.71049 -0.703541 -0.0151593 3.498 0.442248 -0.463165 0.768043 -2.13108 -0.547372 0.538984 0.640215 -1.15994 0 0 0 1
 -0.603912 -0.791892 0.0905117 4.44334 0.791327 -0.609281 -0.0507417 -2.11729 0.09532930000000001 0.0409808 0.9946 -0.82076 0 0 0 1
 0.971145 0.1742 0.16287 3.48307 0.132627 -0.96211 0.238222 -1.69845 0.198198 -0.209748 -0.957454 -0.818252 0 0 0 1
 0.423448 0.320432 -0.847355 3.16756 0.601633 -0.798768 -0.00140502 -1.87926 -0.677292 -0.509203 -0.531021 0.132775 0 0 0 1
 0.510899 0.693613 0.507816 3.66305 0.50202 -0.72027 0.47873 -2.12886 0.69782 0.010351 -0.716194 -0.721958 0 0 0 1
 0.834808 -0.221568 0.503982 4.4301 0.388458 -0.411622 -0.824416 -2.19607 0.390115 0.884007 -0.257556 -0.0779556 0 0 0 1
 0.834808 -0.221568 0.503982 4.4301 0.388458 -0.411622 -0.824416 -2.19607 0.390115 0.884007 -0.257556 -0.0779556 0 0 0 1
 0.681608 0.168864 -0.711962 5.20468 -0.651396 0.583243 -0.485289 -2.42509 0.3333 0.7945489999999999 0.507541 0.508097 0 0 0 1
 0.516051 -0.688326 0.509798 5.4403 0.598459 0.715546 0.360326 -2.9682 -0.612807 0.119148 0.781196 1.36178 0 0 0 1
 -0.311876 -0.391586 0.865672 5.94362 -0.944603 0.0297504 -0.326855 -2.13609 0.102237 -0.919658 -0.379173 1.71914 0 0 0 1
 -0.311876 -0.391586 0.865672 5.94362 -0.944603 0.0297504 -0.326855 -2.13609 0.102237 -0.919658 -0.379173 1.71914 0 0 0 1
 -0.460675 -0.876676 0.138607 5.11674 -0.869731 0.477028 0.126515 -2.66998 -0.177034 -0.062269 -0.98223 1.55523 0 0 0 1
 -0.202094 -0.752691 0.626584 4.2701 -0.978656 0.130908 -0.158393 -3.19831 0.0371957 -0.645223 -0.763083 1.52385 0 0 0 1
 0.365425 0.223012 0.9037269999999999 3.47123 -0.774767 -0.465259 0.428092 -3.82555 0.515939 -0.856617 0.00276577 1.57143 0 0 0 1
 -0.658848 0.0508703 -0.750549 3.67623 0.743414 -0.108614 -0.659947 -4.83193 -0.115092 -0.992778 0.0337412 1.63743 0 0 0 1
 -0.6906639999999999 0.168302 0.703313 3.03112 -0.0320293 0.964465 -0.262247 -4.42347 -0.722461 -0.203651 -0.660733 0.987225 0 0 0 1
 -0.6906639999999999 0.168302 0.703313 3.03112 -0.0320293 0.964465 -0.262247 -4.42347 -0.722461 -0.203651 -0.660733 0.987225 0 0 0 1
 0.700923 -0.692337 0.171373 2.64152 0.183203 -0.0574476 -0.981391 -4.1611 0.689302 0.7192770000000001 0.0865722 0.0605131 0 0 0 1
 0.163755 -0.912135 -0.375748 3.0879 0.0227969 -0.37729 0.92581 -4.39601 -0.986233 -0.160174 -0.0409893 0.969364 0 0 0 1
 0.0372001 -0.356338 -0.933612 3.48106 0.472277 -0.817069 0.330673 -4.27633 -0.88066 -0.453227 0.137895 1.88297 0 0 0 1
 0.0372001 -0.356338 -0.933612 3.48106 0.472277 -0.817069 0.330673 -4.27633 -0.88066 -0.453227 0.137895 1.88297 0 0 0 1
 0.259002 -0.681794 -0.684153 3.63956 -0.7776189999999999 0.272945 -0.566391 -4.5935 0.572901 0.67871 -0.459486 0.8914029999999999 0 0 0 1
 0.259002 -0.681794 -0.684153 3.63956 -0.7776189999999999 0.272945 -0.566391 -4.5935 0.572901 0.67871 -0.459486 0.8914029999999999 0 0 0 1
 0.0439714 -0.896687 -0.440465 3.13756 -0.0661762 0.437308 -0.896869 -5.37392 0.996834 0.06858450000000001 -0.0401111 1.29158 0 0 0 1
 0.0439714 -0.896687 -0.440465 3.13756 -0.0661762 0.437308 -0.896869 -5.37392 0.996834 0.06858450000000001 -0.0401111 1.29158 0 0 0 1
 0.0439714 -0.896687 -0.440465 3.13756 -0.0661762 0.437308 -0.896869 -5.37392 0.996834 0.06858450000000001 -0.0401111 1.29158 0 0 0 1
 0.0439714 -0.896687 -0.440465 3.13756 -0.0661762 0.437308 -0.896869 -5.37392 0.996834 0.06858450000000001 -0.0401111 1.29158 0 0 0 1
 0.0439714 -0.896687 -0.440465 3.13756 -0.0661762 0.437308 -0.896869 -5.37392 0.996834 0.06858450000000001 -0.0401111 1.29158 0 0 0 1
 0.0439714 -0.896687 -0.440465 3.13756 -0.0661762 0.437308 -0.896869 -5.37392 0.996834 0.06858450000000001 -0.0401111 1.29158 0 0 0 1
 0.0439714 -0.896687 -0.440465 3.13756 -0.0661762 0.437308 -0.896869 -5.37392 0.996834 0.06858450000000001 -0.0401111 1.29158 0 0 0 1
 -0.363318 -0.153145 -0.918987 2.67197 -0.322743 0.946004 -0.0300536 -5.11723 0.873972 0.285679 -0.393129 2.1392 0 0 0 1
 -0.363318 -0.153145 -0.918987 2.67197 -0.322743 0.946004 -0.0300536 -5.11723 0.873972 0.285679 -0.393129 2.1392 0 0 0 1
 -0.627906 0.133372 -0.76677 2.60277 -0.301249 0.866758 0.397454 -4.12488 0.717616 0.480555 -0.504067 2.26106 0 0 0 1
 -0.9873690000000001 -0.0457858 0.151646 3.34239 -0.0354404 0.9968939999999999 0.0702444 -4.61866 -0.154392 0.0639832 -0.985931 2.76099 0 0 0 1
 0.203782 0.328736 0.922168 2.5021 -0.975776 0.144692 0.16405 -4.26459 -0.0795023 -0.933266 0.350261 3.26981 0 0 0 1
 0.819098 -0.506398 0.269495 2.56403 0.46886 0.8616740000000001 0.194101 -5.25359 -0.330511 -0.0326325 0.943232 2.94665 0 0 0 1
 0.819098 -0.506398 0.269495 2.56403 0.46886 0.8616740000000001 0.194101 -5.25359 -0.330511 -0.0326325 0.943232 2.94665 0 0 0 1
 0.987022 -0.0620909 0.14806 2.2598 -0.0223448 0.860081 0.509656 -4.34719 -0.158989 -0.5063530000000001 0.847536 2.63662 0 0 0 1
 0.987022 -0.0620909 0.14806 2.2598 -0.0223448 0.860081 0.509656 -4.34719 -0.158989 -0.5063530000000001 0.847536 2.63662 0 0 0 1
 0.387211 -0.803169 -0.452742 2.99014 -0.8712 -0.158011 -0.46479 -4.27289 0.301769 0.5744050000000001 -0.7609089999999999 1.88823 0 0 0 1
 0.387211 -0.803169 -0.452742 2.99014 -0.8712 -0.158011 -0.46479 -4.27289 0.301769 0.5744050000000001 -0.7609089999999999 1.88823 0 0 0 1
 0.0393869 0.991875 -0.120915 2.65713 0.809685 0.0392302 0.5855399999999999 -5.24145 0.58553 -0.120966 -0.801566 1.75115 0 0 0 1
 -0.731332 0.571905 0.371571 2.26283 0.231081 -0.304797 0.923952 -4.31766 0.64167 0.761584 0.09075179999999999 1.65945 0 0 0 1
 -0.0364486 0.921692 0.386191 1.8906 0.511011 0.349293 -0.785397 -4.61 -0.8587939999999999 0.168722 -0.483728 2.58709 0 0 0 1
