# Created by Octave 4.0.0, Tue Jul 12 17:21:34 2016 BRT <anaritapereira@lasi-xps>
# name: pose_3
# type: matrix
# rows: 251
# columns: 16
 0.849504 -0.234269 -0.472718 -0.341593 0.412486 0.853563 0.318256 0.798001 0.328937 -0.465348 0.8217370000000001 -0.503283 0 0 0 1
 0.169454 -0.0789509 -0.982371 -0.169643 -0.272299 0.954234 -0.123659 1.76396 0.947175 0.288453 0.1402 -0.730313 0 0 0 1
 -0.106577 -0.283745 -0.952959 -0.274021 -0.541109 0.820616 -0.183823 1.45239 0.834172 0.496064 -0.240996 0.222758 0 0 0 1
 -0.106577 -0.283745 -0.952959 -0.274021 -0.541109 0.820616 -0.183823 1.45239 0.834172 0.496064 -0.240996 0.222758 0 0 0 1
 -0.106577 -0.283745 -0.952959 -0.274021 -0.541109 0.820616 -0.183823 1.45239 0.834172 0.496064 -0.240996 0.222758 0 0 0 1
 -0.841911 -0.25096 -0.47771 0.454145 -0.403271 0.88084 0.247981 1.29358 0.358553 0.401425 -0.842793 -0.4499 0 0 0 1
 -0.841911 -0.25096 -0.47771 0.454145 -0.403271 0.88084 0.247981 1.29358 0.358553 0.401425 -0.842793 -0.4499 0 0 0 1
 0.118999 -0.0596109 0.991104 0.762447 -0.992627 -0.0303306 0.117357 0.968468 0.0230643 -0.997761 -0.06278110000000001 -1.39035 0 0 0 1
 0.118999 -0.0596109 0.991104 0.762447 -0.992627 -0.0303306 0.117357 0.968468 0.0230643 -0.997761 -0.06278110000000001 -1.39035 0 0 0 1
 -0.665978 0.0264214 -0.745505 0.354976 -0.615903 0.544372 0.569495 1.40388 0.420878 0.838429 -0.346266 -0.533713 0 0 0 1
 0.607635 0.678207 -0.413302 1.16733 -0.5587490000000001 -0.00478634 -0.829324 1.05461 -0.564431 0.734857 0.376039 -0.0368116 0 0 0 1
 0.607635 0.678207 -0.413302 1.16733 -0.5587490000000001 -0.00478634 -0.829324 1.05461 -0.564431 0.734857 0.376039 -0.0368116 0 0 0 1
 0.830942 0.542562 -0.123151 0.258422 -0.329712 0.301924 -0.894502 1.33309 -0.44814 0.783882 0.429769 -0.371116 0 0 0 1
 0.830942 0.542562 -0.123151 0.258422 -0.329712 0.301924 -0.894502 1.33309 -0.44814 0.783882 0.429769 -0.371116 0 0 0 1
 0.208437 0.72218 0.659555 -0.526792 0.91286 0.09840649999999999 -0.396238 0.827717 -0.351059 0.684671 -0.638737 -0.733749 0 0 0 1
 -0.81833 0.5747409999999999 0.00349988 -0.673025 0.473005 0.66999 0.572173 0.317476 0.326507 0.469881 -0.820126 -1.58014 0 0 0 1
 -0.81833 0.5747409999999999 0.00349988 -0.673025 0.473005 0.66999 0.572173 0.317476 0.326507 0.469881 -0.820126 -1.58014 0 0 0 1
 0.205105 0.9744620000000001 0.09142599999999999 -0.926185 0.974666 -0.194843 -0.10984 0.311115 -0.0892206 0.111638 -0.9897359999999999 -2.55349 0 0 0 1
 -0.507294 -0.557022 0.657558 -1.86007 -0.595661 -0.324766 -0.734654 0.0213615 0.62277 -0.764365 -0.167045 -2.92122 0 0 0 1
 -0.688835 -0.583623 0.429992 -0.933024 0.00575247 -0.59754 -0.8018189999999999 0.18148 0.724897 -0.549847 0.414963 -2.58101 0 0 0 1
 -0.681519 -0.724043 0.106282 -0.017971 0.598114 -0.6347930000000001 -0.489183 0.277085 0.421656 -0.269818 0.865682 -2.18964 0 0 0 1
 -0.681519 -0.724043 0.106282 -0.017971 0.598114 -0.6347930000000001 -0.489183 0.277085 0.421656 -0.269818 0.865682 -2.18964 0 0 0 1
 -0.405579 -0.902207 -0.146734 0.890189 0.824437 -0.43039 0.367517 0.378159 -0.394729 0.0280838 0.918369 -1.78377 0 0 0 1
 -0.405579 -0.902207 -0.146734 0.890189 0.824437 -0.43039 0.367517 0.378159 -0.394729 0.0280838 0.918369 -1.78377 0 0 0 1
 -0.405579 -0.902207 -0.146734 0.890189 0.824437 -0.43039 0.367517 0.378159 -0.394729 0.0280838 0.918369 -1.78377 0 0 0 1
 -0.405579 -0.902207 -0.146734 0.890189 0.824437 -0.43039 0.367517 0.378159 -0.394729 0.0280838 0.918369 -1.78377 0 0 0 1
 -0.405579 -0.902207 -0.146734 0.890189 0.824437 -0.43039 0.367517 0.378159 -0.394729 0.0280838 0.918369 -1.78377 0 0 0 1
 -0.405579 -0.902207 -0.146734 0.890189 0.824437 -0.43039 0.367517 0.378159 -0.394729 0.0280838 0.918369 -1.78377 0 0 0 1
 -0.405579 -0.902207 -0.146734 0.890189 0.824437 -0.43039 0.367517 0.378159 -0.394729 0.0280838 0.918369 -1.78377 0 0 0 1
 -0.405579 -0.902207 -0.146734 0.890189 0.824437 -0.43039 0.367517 0.378159 -0.394729 0.0280838 0.918369 -1.78377 0 0 0 1
 -0.405579 -0.902207 -0.146734 0.890189 0.824437 -0.43039 0.367517 0.378159 -0.394729 0.0280838 0.918369 -1.78377 0 0 0 1
 -0.405579 -0.902207 -0.146734 0.890189 0.824437 -0.43039 0.367517 0.378159 -0.394729 0.0280838 0.918369 -1.78377 0 0 0 1
 -0.405579 -0.902207 -0.146734 0.890189 0.824437 -0.43039 0.367517 0.378159 -0.394729 0.0280838 0.918369 -1.78377 0 0 0 1
 -0.692721 -0.443556 -0.568682 1.90184 -0.084456 -0.733198 0.674752 0.446322 -0.716245 0.515442 0.47044 -1.84193 0 0 0 1
 -0.692721 -0.443556 -0.568682 1.90184 -0.084456 -0.733198 0.674752 0.446322 -0.716245 0.515442 0.47044 -1.84193 0 0 0 1
 0.327783 0.798717 0.504592 2.56628 -0.32559 0.59688 -0.733299 1.23875 -0.8868780000000001 0.0760731 0.4557 -2.03818 0 0 0 1
 -0.949792 -0.254965 0.181358 2.08963 0.304775 -0.885029 0.351905 0.298229 0.0707836 0.389509 0.918299 -2.08007 0 0 0 1
 -0.877317 0.0900195 -0.471397 2.69621 -0.413829 -0.639315 0.648092 1.11383 -0.24303 0.763659 0.5981340000000001 -2.02308 0 0 0 1
 -0.6183380000000001 0.759005 -0.203896 3.44464 -0.0213495 -0.275565 -0.961046 1.05929 -0.785625 -0.589897 0.186596 -2.73869 0 0 0 1
 -0.477555 0.549567 -0.685508 2.84637 0.400332 -0.55842 -0.72657 1.35162 -0.782099 -0.621406 0.0466661 -1.99279 0 0 0 1
 -0.125938 0.0268743 -0.991676 3.28487 0.919247 -0.372691 -0.126839 1.13806 -0.372996 -0.9275679999999999 0.0222312 -2.86903 0 0 0 1
 -0.125938 0.0268743 -0.991676 3.28487 0.919247 -0.372691 -0.126839 1.13806 -0.372996 -0.9275679999999999 0.0222312 -2.86903 0 0 0 1
 -0.319181 0.616216 -0.720004 3.74485 0.831193 -0.182929 -0.525031 0.873623 -0.455241 -0.7660400000000001 -0.453807 -3.71871 0 0 0 1
 -0.319181 0.616216 -0.720004 3.74485 0.831193 -0.182929 -0.525031 0.873623 -0.455241 -0.7660400000000001 -0.453807 -3.71871 0 0 0 1
 -0.319181 0.616216 -0.720004 3.74485 0.831193 -0.182929 -0.525031 0.873623 -0.455241 -0.7660400000000001 -0.453807 -3.71871 0 0 0 1
 0.221701 0.956207 0.191106 4.66692 0.307606 0.117395 -0.944245 1.28469 -0.925327 0.268125 -0.268109 -3.6547 0 0 0 1
 -0.198258 -0.248731 0.948067 3.68621 0.652859 -0.754976 -0.0615483 0.953789 0.7310759999999999 0.60675 0.312065 -3.54855 0 0 0 1
 0.296633 -0.598366 -0.744292 3.6672 0.944256 0.300308 0.134899 1.44392 0.142798 -0.742816 0.654092 -4.47195 0 0 0 1
 0.22374 0.944365 0.24108 4.11579 0.594898 -0.328251 0.733723 0.795265 0.772037 -0.0207465 -0.635242 -3.79222 0 0 0 1
 0.22374 0.944365 0.24108 4.11579 0.594898 -0.328251 0.733723 0.795265 0.772037 -0.0207465 -0.635242 -3.79222 0 0 0 1
 -0.345695 0.838186 -0.421833 5.09508 0.159093 0.495394 0.853977 0.974729 0.924764 0.228105 -0.304603 -3.63325 0 0 0 1
 -0.433273 0.624206 -0.650112 5.70111 -0.187427 0.643158 0.742442 1.48036 0.881561 0.443529 -0.161668 -3.01145 0 0 0 1
 -0.433273 0.624206 -0.650112 5.70111 -0.187427 0.643158 0.742442 1.48036 0.881561 0.443529 -0.161668 -3.01145 0 0 0 1
 -0.433273 0.624206 -0.650112 5.70111 -0.187427 0.643158 0.742442 1.48036 0.881561 0.443529 -0.161668 -3.01145 0 0 0 1
 0.0416558 -0.407743 0.912148 5.23873 -0.987521 0.121977 0.09962269999999999 1.07315 -0.151883 -0.904915 -0.397574 -3.85499 0 0 0 1
 0.0416558 -0.407743 0.912148 5.23873 -0.987521 0.121977 0.09962269999999999 1.07315 -0.151883 -0.904915 -0.397574 -3.85499 0 0 0 1
 -0.429142 -0.0566615 0.90146 5.01226 -0.642631 -0.6821739999999999 -0.348805 0.893079 0.634715 -0.728994 0.256336 -4.81576 0 0 0 1
 -0.429142 -0.0566615 0.90146 5.01226 -0.642631 -0.6821739999999999 -0.348805 0.893079 0.634715 -0.728994 0.256336 -4.81576 0 0 0 1
 0.171921 0.374918 0.910979 5.53697 -0.959661 -0.145105 0.240826 1.55398 0.222476 -0.9156339999999999 0.334848 -4.25179 0 0 0 1
 0.171921 0.374918 0.910979 5.53697 -0.959661 -0.145105 0.240826 1.55398 0.222476 -0.9156339999999999 0.334848 -4.25179 0 0 0 1
 0.710449 0.045096 -0.702304 5.52965 -0.408713 0.838839 -0.359588 2.13828 0.572904 0.542511 0.614383 -3.38167 0 0 0 1
 0.765161 -0.259385 -0.589279 4.95911 0.632099 0.12865 0.764135 1.43805 -0.122394 -0.957169 0.262396 -3.90989 0 0 0 1
 -0.790739 -0.294661 -0.536573 5.15003 0.57622 -0.0623727 -0.814912 0.882186 0.206657 -0.953566 0.219109 -3.09803 0 0 0 1
 -0.997191 -0.0543072 0.0516111 5.59728 -0.0549118 0.061174 -0.9966159999999999 0.507279 0.0509666 -0.996651 -0.06398570000000001 -2.28542 0 0 0 1
 -0.575727 0.281621 0.767614 6.10024 -0.702947 0.309026 -0.640602 0.246059 -0.41762 -0.908403 0.0200481 -1.45541 0 0 0 1
 -0.556762 0.812796 0.171414 6.45972 0.334287 0.0303248 0.941985 -0.0838888 0.760444 0.581762 -0.28859 -0.534125 0 0 0 1
 -0.058204 0.00814541 0.998274 6.03534 -0.8494159999999999 0.524977 -0.0538095 0.0609382 -0.52451 -0.8510799999999999 -0.0236377 -1.47737 0 0 0 1
 0.711157 -0.539488 0.450792 5.88817 -0.438627 0.160632 0.884199 0.016831 -0.549427 -0.826532 -0.122398 -2.4682 0 0 0 1
 -0.820416 0.367889 -0.4377 6.04246 -0.219747 0.503845 0.835378 0.170319 0.527859 0.781539 -0.332517 -1.44592 0 0 0 1
 0.445132 -0.413727 -0.794162 5.98104 -0.7195510000000001 0.362643 -0.592234 -0.0311644 0.533018 0.835062 -0.136275 -2.42333 0 0 0 1
 0.445132 -0.413727 -0.794162 5.98104 -0.7195510000000001 0.362643 -0.592234 -0.0311644 0.533018 0.835062 -0.136275 -2.42333 0 0 0 1
 0.445132 -0.413727 -0.794162 5.98104 -0.7195510000000001 0.362643 -0.592234 -0.0311644 0.533018 0.835062 -0.136275 -2.42333 0 0 0 1
 0.175607 -0.410865 -0.894627 6.02529 0.899778 -0.301748 0.3152 -0.126589 -0.399455 -0.860316 0.316699 -3.46408 0 0 0 1
 0.0402248 0.0484279 0.998019 5.93566 0.974248 -0.223693 -0.0284131 0.0260077 0.221876 0.973459 -0.0561794 -2.43049 0 0 0 1
 -0.912212 -0.367062 0.182039 5.93119 0.287244 -0.889761 -0.354712 -0.247379 0.292173 -0.271284 0.917086 -3.43555 0 0 0 1
 -0.76142 -0.629723 -0.153924 6.66295 0.581431 -0.768393 0.267424 0.367193 -0.286676 0.114125 0.951209 -3.1465 0 0 0 1
 0.0810056 0.945144 -0.316457 7.63238 0.936728 0.0362935 0.348179 0.757535 0.340565 -0.324638 -0.882401 -3.18413 0 0 0 1
 -0.352891 -0.894115 0.27574 6.62303 -0.547364 -0.0417372 -0.835856 0.481854 0.758858 -0.445895 -0.474678 -3.23017 0 0 0 1
 0.149899 0.958021 -0.244401 7.57633 0.980721 -0.112727 0.15964 0.897334 0.125389 -0.263619 -0.956446 -3.24722 0 0 0 1
 -0.686164 -0.727167 -0.0203504 6.592 0.479633 -0.473265 0.738903 0.571232 -0.546934 0.497246 0.6735100000000001 -3.10337 0 0 0 1
 -0.6532790000000001 -0.617334 0.438329 7.50045 0.473186 -0.78485 -0.400139 0.979693 0.591041 -0.0539921 0.804837 -3.20642 0 0 0 1
 0.169784 0.967432 -0.187767 8.4648 -0.127369 0.210475 0.96927 1.25526 0.9772189999999999 -0.14065 0.158957 -2.91252 0 0 0 1
 0.148987 0.851791 -0.502257 7.52904 -0.855942 0.365426 0.365835 1.54313 0.495149 0.375397 0.7835259999999999 -3.1252 0 0 0 1
 0.174392 0.831472 -0.527493 6.81068 0.219659 0.489352 0.843974 1.55028 0.959867 -0.26305 -0.09729889999999999 -3.84457 0 0 0 1
 -0.539108 0.0791785 -0.83851 6.0205 0.755108 0.48643 -0.439552 0.925073 0.373073 -0.870128 -0.322026 -3.97886 0 0 0 1
 -0.539108 0.0791785 -0.83851 6.0205 0.755108 0.48643 -0.439552 0.925073 0.373073 -0.870128 -0.322026 -3.97886 0 0 0 1
 0.874572 -0.219491 0.432382 6.029 -0.14434 -0.96911 -0.200001 0.199782 0.462922 0.112504 -0.879235 -3.22531 0 0 0 1
 0.874572 -0.219491 0.432382 6.029 -0.14434 -0.96911 -0.200001 0.199782 0.462922 0.112504 -0.879235 -3.22531 0 0 0 1
 0.874572 -0.219491 0.432382 6.029 -0.14434 -0.96911 -0.200001 0.199782 0.462922 0.112504 -0.879235 -3.22531 0 0 0 1
 0.874572 -0.219491 0.432382 6.029 -0.14434 -0.96911 -0.200001 0.199782 0.462922 0.112504 -0.879235 -3.22531 0 0 0 1
 0.580068 0.110056 0.807104 6.13777 0.09753630000000001 -0.9930909999999999 0.06531530000000001 1.00048 0.808713 0.040833 -0.586792 -3.81787 0 0 0 1
 -0.748526 0.644427 -0.156302 6.30899 0.486927 0.374153 -0.789253 1.9435 -0.450132 -0.6668809999999999 -0.593851 -4.23052 0 0 0 1
 -0.748526 0.644427 -0.156302 6.30899 0.486927 0.374153 -0.789253 1.9435 -0.450132 -0.6668809999999999 -0.593851 -4.23052 0 0 0 1
 -0.9885620000000001 0.08271299999999999 0.126136 6.01566 0.0163709 -0.772477 0.634839 1.04061 0.149946 0.6296389999999999 0.762286 -3.79306 0 0 0 1
 -0.871682 -0.412429 0.264726 6.31753 0.434147 -0.900451 0.0266899 1.80932 0.227365 0.138193 0.963958 -4.35361 0 0 0 1
 -0.594493 -0.7149759999999999 0.36796 5.52283 0.418978 -0.666001 -0.617177 1.25176 0.686327 -0.21274 0.695489 -4.62813 0 0 0 1
 -0.594493 -0.7149759999999999 0.36796 5.52283 0.418978 -0.666001 -0.617177 1.25176 0.686327 -0.21274 0.695489 -4.62813 0 0 0 1
 0.13996 0.919121 0.368286 6.5444 -0.861181 -0.0705677 0.5033840000000001 1.4605 0.488657 -0.387614 0.781651 -4.53161 0 0 0 1
 -0.341459 0.844991 -0.411585 5.80786 -0.605071 -0.5327190000000001 -0.5916979999999999 1.97627 -0.719237 0.0469956 0.693178 -4.09357 0 0 0 1
 0.386209 0.4952 -0.778219 5.06024 0.345554 -0.859915 -0.375694 2.56611 -0.8552419999999999 -0.123822 -0.503224 -3.78713 0 0 0 1
 0.0742143 -0.951537 0.298455 4.14178 0.762998 0.246889 0.597399 3.05509 -0.6421289999999999 0.183386 0.7443419999999999 -3.63803 0 0 0 1
 -0.55668 -0.821091 0.126186 5.00363 -0.251108 0.311111 0.9166029999999999 2.55236 -0.79187 0.478568 -0.37937 -3.52525 0 0 0 1
 -0.449664 -0.893043 -0.0168222 5.95828 0.482498 -0.258708 0.836823 2.25396 -0.751667 0.368172 0.547222 -3.6166 0 0 0 1
 -0.272602 -0.925778 -0.261973 6.9409 -0.791227 0.0607933 0.608499 2.43603 -0.547408 0.373158 -0.749069 -3.68034 0 0 0 1
 -0.272602 -0.925778 -0.261973 6.9409 -0.791227 0.0607933 0.608499 2.43603 -0.547408 0.373158 -0.749069 -3.68034 0 0 0 1
 -0.753744 0.240739 -0.611492 7.63873 0.0449415 0.947194 0.317508 3.09981 0.655636 0.211839 -0.724756 -4.08695 0 0 0 1
 -0.933642 0.283582 -0.218866 7.18887 0.0436653 -0.516339 -0.855275 2.66499 -0.355547 -0.808075 0.469689 -4.91102 0 0 0 1
 -0.415618 0.444628 0.793458 7.28951 -0.8917580000000001 -0.0275332 -0.451682 3.04264 -0.178984 -0.895297 0.40794 -3.9857 0 0 0 1
 -0.0110633 0.383746 -0.923377 7.7916 -0.328367 0.870828 0.365844 3.65038 0.944489 0.307254 0.116377 -3.32676 0 0 0 1
 -0.0110633 0.383746 -0.923377 7.7916 -0.328367 0.870828 0.365844 3.65038 0.944489 0.307254 0.116377 -3.32676 0 0 0 1
 -0.0110633 0.383746 -0.923377 7.7916 -0.328367 0.870828 0.365844 3.65038 0.944489 0.307254 0.116377 -3.32676 0 0 0 1
 -0.619346 0.300117 -0.725498 7.8112 0.328488 -0.740243 -0.586638 2.88517 -0.7131 -0.601649 0.35988 -4.04241 0 0 0 1
 -0.420378 0.873109 0.24692 7.13008 -0.683241 -0.125535 -0.719326 3.36408 -0.597052 -0.471094 0.649312 -3.48066 0 0 0 1
 0.215368 0.971252 0.101453 6.54447 0.474647 -0.0133222 -0.88008 3.32203 -0.853424 0.237694 -0.463872 -2.64392 0 0 0 1
 0.215368 0.971252 0.101453 6.54447 0.474647 -0.0133222 -0.88008 3.32203 -0.853424 0.237694 -0.463872 -2.64392 0 0 0 1
 0.215368 0.971252 0.101453 6.54447 0.474647 -0.0133222 -0.88008 3.32203 -0.853424 0.237694 -0.463872 -2.64392 0 0 0 1
 0.215368 0.971252 0.101453 6.54447 0.474647 -0.0133222 -0.88008 3.32203 -0.853424 0.237694 -0.463872 -2.64392 0 0 0 1
 0.215368 0.971252 0.101453 6.54447 0.474647 -0.0133222 -0.88008 3.32203 -0.853424 0.237694 -0.463872 -2.64392 0 0 0 1
 0.215368 0.971252 0.101453 6.54447 0.474647 -0.0133222 -0.88008 3.32203 -0.853424 0.237694 -0.463872 -2.64392 0 0 0 1
 0.0350663 0.916148 -0.399312 5.60394 0.988381 -0.09093229999999999 -0.121826 2.97928 -0.147918 -0.3904 -0.9086880000000001 -2.71823 0 0 0 1
 -0.367636 0.680534 0.633818 4.74659 0.490149 0.72099 -0.489831 2.77279 -0.790318 0.130586 -0.598625 -2.23126 0 0 0 1
 -0.210464 -0.458179 -0.863588 4.18888 -0.5449079999999999 -0.67844 0.49275 1.90836 -0.811658 0.574279 -0.106876 -2.02617 0 0 0 1
 -0.210464 -0.458179 -0.863588 4.18888 -0.5449079999999999 -0.67844 0.49275 1.90836 -0.811658 0.574279 -0.106876 -2.02617 0 0 0 1
 -0.210464 -0.458179 -0.863588 4.18888 -0.5449079999999999 -0.67844 0.49275 1.90836 -0.811658 0.574279 -0.106876 -2.02617 0 0 0 1
 -0.210464 -0.458179 -0.863588 4.18888 -0.5449079999999999 -0.67844 0.49275 1.90836 -0.811658 0.574279 -0.106876 -2.02617 0 0 0 1
 -0.969046 -0.0286751 0.245223 4.68196 0.180551 -0.759768 0.62463 2.749 0.168402 0.649566 0.741425 -2.26388 0 0 0 1
 -0.969046 -0.0286751 0.245223 4.68196 0.180551 -0.759768 0.62463 2.749 0.168402 0.649566 0.741425 -2.26388 0 0 0 1
 -0.973177 -0.158784 -0.1665 5.09086 -0.0944478 -0.384176 0.918421 3.44888 -0.209794 0.909506 0.358875 -2.85136 0 0 0 1
 -0.917456 -0.042855 -0.395533 5.5968 -0.22336 -0.7672330000000001 0.601226 3.96003 -0.329229 0.63994 0.694329 -3.54829 0 0 0 1
 0.57032 0.535251 -0.623097 5.46037 0.0732753 -0.788685 -0.610422 4.8724 -0.818154 0.302474 -0.489021 -3.93189 0 0 0 1
 0.250744 -0.9494590000000001 -0.18885 4.73972 -0.258368 -0.25364 0.932159 5.35785 -0.932943 -0.184939 -0.308905 -4.51311 0 0 0 1
 0.250744 -0.9494590000000001 -0.18885 4.73972 -0.258368 -0.25364 0.932159 5.35785 -0.932943 -0.184939 -0.308905 -4.51311 0 0 0 1
 -0.135436 -0.151245 -0.979178 5.41252 -0.199544 -0.963869 0.176482 5.27541 -0.970488 0.219288 0.100364 -3.73842 0 0 0 1
 0.751489 -0.604369 -0.264596 5.66956 -0.521262 -0.789744 0.323419 6.23232 -0.404428 -0.105122 -0.908512 -3.60548 0 0 0 1
 0.79358 -0.300115 0.529311 5.9527 0.402574 0.911259 -0.0868931 7.23652 -0.456259 0.282044 0.84397 -3.554 0 0 0 1
 0.820346 -0.235711 -0.521039 5.90469 0.248575 0.967509 -0.0463191 6.25294 0.515024 -0.0915165 0.85228 -3.72898 0 0 0 1
 0.820346 -0.235711 -0.521039 5.90469 0.248575 0.967509 -0.0463191 6.25294 0.515024 -0.0915165 0.85228 -3.72898 0 0 0 1
 0.820346 -0.235711 -0.521039 5.90469 0.248575 0.967509 -0.0463191 6.25294 0.515024 -0.0915165 0.85228 -3.72898 0 0 0 1
 0.820346 -0.235711 -0.521039 5.90469 0.248575 0.967509 -0.0463191 6.25294 0.515024 -0.0915165 0.85228 -3.72898 0 0 0 1
 -0.440508 0.0897799 -0.893252 5.66951 0.672675 0.691937 -0.262183 5.27901 0.594535 -0.7163580000000001 -0.365194 -3.65354 0 0 0 1
 0.500567 -0.580244 -0.642462 5.36242 0.859955 0.247914 0.446121 4.34703 -0.099582 -0.775797 0.623081 -3.36069 0 0 0 1
 -0.371488 -0.823279 0.429204 6.18393 -0.236313 -0.363216 -0.901243 3.87715 0.897864 -0.436225 -0.0596235 -3.02621 0 0 0 1
 -0.280864 -0.34897 0.89406 7.16481 -0.635136 -0.630811 -0.445745 4.10433 0.719531 -0.693041 -0.0444734 -2.9335 0 0 0 1
 -0.280864 -0.34897 0.89406 7.16481 -0.635136 -0.630811 -0.445745 4.10433 0.719531 -0.693041 -0.0444734 -2.9335 0 0 0 1
 -0.0842783 -0.7770280000000001 0.6238050000000001 6.24422 -0.971368 0.203636 0.122417 3.91005 -0.222152 -0.595623 -0.771939 -3.2815 0 0 0 1
 -0.827248 -0.182359 -0.531428 6.07627 -0.526405 0.582179 0.619657 3.87421 0.196384 0.792353 -0.577596 -2.26319 0 0 0 1
 -0.827248 -0.182359 -0.531428 6.07627 -0.526405 0.582179 0.619657 3.87421 0.196384 0.792353 -0.577596 -2.26319 0 0 0 1
 -0.827248 -0.182359 -0.531428 6.07627 -0.526405 0.582179 0.619657 3.87421 0.196384 0.792353 -0.577596 -2.26319 0 0 0 1
 -0.566827 -0.774473 -0.280906 5.23585 -0.451469 0.00679584 0.892266 4.34864 -0.689124 0.632578 -0.353498 -2.5517 0 0 0 1
 -0.566827 -0.774473 -0.280906 5.23585 -0.451469 0.00679584 0.892266 4.34864 -0.689124 0.632578 -0.353498 -2.5517 0 0 0 1
 -0.566827 -0.774473 -0.280906 5.23585 -0.451469 0.00679584 0.892266 4.34864 -0.689124 0.632578 -0.353498 -2.5517 0 0 0 1
 -0.48317 0.820492 0.305529 6.08616 0.840897 0.532064 -0.09903770000000001 4.84232 -0.243817 0.209066 -0.9470229999999999 -2.90914 0 0 0 1
 -0.48317 0.820492 0.305529 6.08616 0.840897 0.532064 -0.09903770000000001 4.84232 -0.243817 0.209066 -0.9470229999999999 -2.90914 0 0 0 1
 -0.48317 0.820492 0.305529 6.08616 0.840897 0.532064 -0.09903770000000001 4.84232 -0.243817 0.209066 -0.9470229999999999 -2.90914 0 0 0 1
 0.319911 0.890026 0.32484 5.67344 0.460733 0.153448 -0.874178 4.02446 -0.827882 0.429321 -0.360975 -3.31837 0 0 0 1
 -0.00966963 0.986544 -0.163241 6.6284 -0.874425 -0.0875349 -0.477209 4.31568 -0.485076 0.138126 0.863499 -3.4661 0 0 0 1
 -0.845317 -0.450988 0.286459 5.86255 -0.492812 0.8652609999999999 -0.092026 5.02458 -0.206358 -0.218958 -0.953668 -3.49932 0 0 0 1
 -0.845317 -0.450988 0.286459 5.86255 -0.492812 0.8652609999999999 -0.092026 5.02458 -0.206358 -0.218958 -0.953668 -3.49932 0 0 0 1
 -0.975845 0.140897 -0.166989 6.65735 -0.0999538 0.391733 0.914639 4.38336 0.194285 0.909232 -0.368183 -3.36037 0 0 0 1
 -0.975845 0.140897 -0.166989 6.65735 -0.0999538 0.391733 0.914639 4.38336 0.194285 0.909232 -0.368183 -3.36037 0 0 0 1
 0.5729959999999999 0.194662 0.796111 6.79037 -0.754301 0.505124 0.419391 4.40514 -0.320496 -0.840811 0.436265 -4.39872 0 0 0 1
 0.759625 -0.0786275 0.645599 6.59773 -0.566591 0.407356 0.716272 4.32529 -0.319309 -0.909882 0.264888 -3.42037 0 0 0 1
 -0.377338 0.453909 0.807213 6.65752 -0.895025 0.0450893 -0.443743 4.39524 -0.237816 -0.889912 0.389241 -2.42414 0 0 0 1
 0.698846 -0.128545 0.703634 6.63473 -0.63406 0.343962 0.692581 4.51858 -0.331052 -0.9301469999999999 0.158872 -1.43125 0 0 0 1
 0.698846 -0.128545 0.703634 6.63473 -0.63406 0.343962 0.692581 4.51858 -0.331052 -0.9301469999999999 0.158872 -1.43125 0 0 0 1
 0.804569 -0.57961 0.129353 7.17882 0.377138 0.666934 0.642632 4.78613 -0.458742 -0.468252 0.755185 -0.631029 0 0 0 1
 0.804569 -0.57961 0.129353 7.17882 0.377138 0.666934 0.642632 4.78613 -0.458742 -0.468252 0.755185 -0.631029 0 0 0 1
 0.979541 0.06277190000000001 -0.191231 7.48441 0.008262149999999999 -0.961869 -0.273403 4.13737 -0.201102 0.266225 -0.942704 0.134288 0 0 0 1
 0.979541 0.06277190000000001 -0.191231 7.48441 0.008262149999999999 -0.961869 -0.273403 4.13737 -0.201102 0.266225 -0.942704 0.134288 0 0 0 1
 0.979541 0.06277190000000001 -0.191231 7.48441 0.008262149999999999 -0.961869 -0.273403 4.13737 -0.201102 0.266225 -0.942704 0.134288 0 0 0 1
 0.345744 0.11382 -0.931406 8.038690000000001 -0.757466 -0.552007 -0.348631 3.50169 -0.553823 0.826039 -0.104637 0.67562 0 0 0 1
 0.897405 -0.388807 -0.208579 7.6955 -0.428764 -0.880013 -0.204325 4.11447 -0.104111 0.272789 -0.9564279999999999 -0.0548764 0 0 0 1
 0.897405 -0.388807 -0.208579 7.6955 -0.428764 -0.880013 -0.204325 4.11447 -0.104111 0.272789 -0.9564279999999999 -0.0548764 0 0 0 1
 0.897405 -0.388807 -0.208579 7.6955 -0.428764 -0.880013 -0.204325 4.11447 -0.104111 0.272789 -0.9564279999999999 -0.0548764 0 0 0 1
 0.897405 -0.388807 -0.208579 7.6955 -0.428764 -0.880013 -0.204325 4.11447 -0.104111 0.272789 -0.9564279999999999 -0.0548764 0 0 0 1
 0.761765 0.310331 0.568699 7.77578 -0.467643 -0.344129 0.814184 5.0253 0.448367 -0.886161 -0.117019 -0.538173 0 0 0 1
 -0.184693 0.923838 0.335297 7.31408 -0.982689 -0.178749 -0.0488011 5.66906 0.014847 -0.338506 0.940851 0.0812711 0 0 0 1
 -0.639109 -0.09108479999999999 0.7637119999999999 6.69948 0.595816 0.569289 0.566501 6.28139 -0.486366 0.817084 -0.309565 0.659917 0 0 0 1
 -0.176281 0.751199 -0.636111 7.42948 -0.362682 -0.650335 -0.667486 5.6945 -0.915094 0.113037 0.387085 0.210216 0 0 0 1
 -0.314289 -0.793956 -0.520451 6.68712 0.64085 -0.5819029999999999 0.500711 6.20393 -0.700387 -0.176162 0.691689 0.696137 0 0 0 1
 -0.314289 -0.793956 -0.520451 6.68712 0.64085 -0.5819029999999999 0.500711 6.20393 -0.700387 -0.176162 0.691689 0.696137 0 0 0 1
 -0.842091 -0.528351 -0.10835 7.53523 0.529158 -0.77047 -0.355499 6.33076 0.10435 -0.356696 0.928379 1.21671 0 0 0 1
 -0.09263150000000001 0.87732 -0.470894 8.482749999999999 0.397109 0.466237 0.790531 6.76079 0.913091 -0.113768 -0.391574 1.34301 0 0 0 1
 -0.09263150000000001 0.87732 -0.470894 8.482749999999999 0.397109 0.466237 0.790531 6.76079 0.913091 -0.113768 -0.391574 1.34301 0 0 0 1
 -0.154469 -0.424466 -0.892177 7.56159 0.94378 -0.330534 -0.00614519 6.58231 -0.292281 -0.842962 0.451658 0.885346 0 0 0 1
 0.262991 -0.468722 -0.843295 7.48488 0.368429 0.856614 -0.361224 6.71844 0.891687 -0.215691 0.397971 1.88652 0 0 0 1
 0.262991 -0.468722 -0.843295 7.48488 0.368429 0.856614 -0.361224 6.71844 0.891687 -0.215691 0.397971 1.88652 0 0 0 1
 0.387118 -0.609229 -0.692091 7.51591 0.157295 0.78325 -0.601488 5.71933 0.908519 0.123987 0.399036 1.92117 0 0 0 1
 0.387118 -0.609229 -0.692091 7.51591 0.157295 0.78325 -0.601488 5.71933 0.908519 0.123987 0.399036 1.92117 0 0 0 1
 0.0557583 -0.39376 -0.917527 7.58646 0.0631056 0.918509 -0.390345 4.77941 0.996453 -0.0361324 0.0760632 1.59354 0 0 0 1
 -0.961187 -0.192203 0.197966 8.295070000000001 -0.234055 0.947905 -0.216112 4.14701 -0.146114 -0.254054 -0.956095 1.26075 0 0 0 1
 -0.961187 -0.192203 0.197966 8.295070000000001 -0.234055 0.947905 -0.216112 4.14701 -0.146114 -0.254054 -0.956095 1.26075 0 0 0 1
 -0.932153 -0.252455 0.259557 8.84755 -0.255437 0.9665629999999999 0.022753 3.31788 -0.256619 -0.0450872 -0.965465 1.33138 0 0 0 1
 -0.0331169 0.974347 -0.222628 9.564920000000001 -0.795891 -0.160446 -0.583802 2.56367 -0.604544 0.15785 0.7807809999999999 1.36291 0 0 0 1
 -0.411551 0.797094 -0.441905 8.70411 -0.59651 -0.602172 -0.530636 2.23006 -0.689066 0.0452136 0.723293 1.76113 0 0 0 1
 -0.150204 0.730993 -0.6656570000000001 8.00431 -0.0244108 -0.675833 -0.736656 2.777 -0.988358 -0.09440220000000001 0.119355 2.2173 0 0 0 1
 -0.150204 0.730993 -0.6656570000000001 8.00431 -0.0244108 -0.675833 -0.736656 2.777 -0.988358 -0.09440220000000001 0.119355 2.2173 0 0 0 1
 -0.131678 -0.971629 0.196491 7.01553 -0.8960399999999999 0.201449 0.395651 3.10313 -0.424009 -0.123963 -0.897139 2.40802 0 0 0 1
 0.226944 -0.961471 0.155181 6.01719 -0.889828 -0.139931 0.434321 3.05667 -0.395873 -0.236649 -0.887294 2.49348 0 0 0 1
 0.659851 0.602868 0.448507 6.85598 0.226552 0.409494 -0.883741 3.53893 -0.716435 0.684744 0.13362 2.90039 0 0 0 1
 -0.16471 0.67505 0.719159 7.49239 0.474488 0.693434 -0.542235 4.13442 -0.864718 0.251921 -0.434519 3.39867 0 0 0 1
 -0.0623572 -0.969804 -0.235807 6.74555 -0.121266 -0.227151 0.9662849999999999 3.50684 -0.990664 0.0888499 -0.103436 3.78212 0 0 0 1
 -0.0623572 -0.969804 -0.235807 6.74555 -0.121266 -0.227151 0.9662849999999999 3.50684 -0.990664 0.0888499 -0.103436 3.78212 0 0 0 1
 -0.185908 -0.914836 -0.358504 7.67606 0.123071 -0.383668 0.915238 3.74463 -0.9748329999999999 0.126028 0.183919 4.06511 0 0 0 1
 -0.0462806 -0.993108 -0.107737 8.40184 -0.148222 -0.099828 0.983908 4.40174 -0.987876 0.0615051 -0.142576 4.2877 0 0 0 1
 -0.0462806 -0.993108 -0.107737 8.40184 -0.148222 -0.099828 0.983908 4.40174 -0.987876 0.0615051 -0.142576 4.2877 0 0 0 1
 0.9960020000000001 0.06572699999999999 0.0606002 9.33403 0.0569077 0.0566196 -0.9967780000000001 4.54638 -0.0689468 0.996235 0.0526496 4.69836 0 0 0 1
 -0.296846 -0.144512 -0.9439340000000001 9.166130000000001 -0.954173 0.00555212 0.299219 5.22836 -0.0380024 0.989493 -0.139535 3.98138 0 0 0 1
 -0.296846 -0.144512 -0.9439340000000001 9.166130000000001 -0.954173 0.00555212 0.299219 5.22836 -0.0380024 0.989493 -0.139535 3.98138 0 0 0 1
 -0.296846 -0.144512 -0.9439340000000001 9.166130000000001 -0.954173 0.00555212 0.299219 5.22836 -0.0380024 0.989493 -0.139535 3.98138 0 0 0 1
 -0.296846 -0.144512 -0.9439340000000001 9.166130000000001 -0.954173 0.00555212 0.299219 5.22836 -0.0380024 0.989493 -0.139535 3.98138 0 0 0 1
 -0.798933 0.326669 -0.504981 9.332560000000001 -0.5833120000000001 -0.216353 0.78291 4.60035 0.146497 0.920048 0.363402 4.74976 0 0 0 1
 0.609021 0.477949 -0.632985 9.349170000000001 -0.280066 0.876232 0.392161 5.37497 0.742069 -0.0615545 0.667499 4.04619 0 0 0 1
 -0.0830936 -0.0514337 -0.99522 8.709910000000001 0.0484227 0.9972839999999999 -0.0555799 4.60218 0.99537 -0.0528064 -0.0803763 4.11179 0 0 0 1
 -0.958423 -0.281886 0.0444664 8.948449999999999 0.0509048 -0.322185 -0.945311 3.75576 0.280796 -0.903741 0.323134 3.5518 0 0 0 1
 0.316917 0.941928 0.111114 9.73373 0.874728 -0.335558 0.349658 3.86789 0.366639 -0.0136196 -0.930269 4.21786 0 0 0 1
 -0.5399080000000001 -0.57408 0.615584 8.77632 -0.840042 0.321238 -0.437199 3.85154 0.0532358 -0.753159 -0.655689 3.80668 0 0 0 1
 -0.87787 -0.223704 0.423454 9.37998 -0.402476 -0.134585 -0.905488 3.82303 0.25955 -0.965326 0.02811 4.60528 0 0 0 1
 -0.6673789999999999 -0.504371 0.547929 8.65776 -0.661312 0.06303300000000001 -0.747464 3.73218 0.342458 -0.861189 -0.375614 3.91249 0 0 0 1
 -0.856984 -0.180534 -0.482697 9.28787 0.474074 -0.643475 -0.601001 4.14729 -0.2021 -0.74388 0.63703 4.56717 0 0 0 1
 -0.856984 -0.180534 -0.482697 9.28787 0.474074 -0.643475 -0.601001 4.14729 -0.2021 -0.74388 0.63703 4.56717 0 0 0 1
 0.381016 0.797872 0.467159 9.884600000000001 0.816388 -0.527501 0.235077 4.2784 0.433988 0.291811 -0.852355 5.39862 0 0 0 1
 -0.8970860000000001 -0.411924 -0.159896 9.13499 0.00708349 0.348419 -0.937317 4.46431 0.441812 -0.84198 -0.309645 4.69165 0 0 0 1
 -0.0990655 -0.860523 -0.499697 9.80899 0.893194 0.144461 -0.425845 3.84972 0.438636 -0.488509 0.754298 5.09856 0 0 0 1
 -0.0990655 -0.860523 -0.499697 9.80899 0.893194 0.144461 -0.425845 3.84972 0.438636 -0.488509 0.754298 5.09856 0 0 0 1
 -0.0990655 -0.860523 -0.499697 9.80899 0.893194 0.144461 -0.425845 3.84972 0.438636 -0.488509 0.754298 5.09856 0 0 0 1
 0.8537979999999999 -0.496827 0.155572 9.14625 -0.47821 -0.630283 0.61161 4.43961 -0.205811 -0.5965859999999999 -0.775716 4.65926 0 0 0 1
 0.942283 -0.285386 -0.175129 9.207100000000001 -0.185801 -0.0105248 -0.982535 5.23047 0.278557 0.95836 -0.0629448 5.33315 0 0 0 1
 -0.109542 -0.09148779999999999 -0.989769 9.10074 -0.658053 0.7529709999999999 0.00323364 5.08623 0.744965 0.6516729999999999 -0.142685 4.34196 0 0 0 1
 -0.109542 -0.09148779999999999 -0.989769 9.10074 -0.658053 0.7529709999999999 0.00323364 5.08623 0.744965 0.6516729999999999 -0.142685 4.34196 0 0 0 1
 0.59628 -0.111261 0.795037 9.26812 -0.801605 -0.028816 0.597168 4.62722 -0.0435341 -0.993379 -0.106368 3.41658 0 0 0 1
 0.59628 -0.111261 0.795037 9.26812 -0.801605 -0.028816 0.597168 4.62722 -0.0435341 -0.993379 -0.106368 3.41658 0 0 0 1
 -0.895705 0.303013 -0.325437 9.064629999999999 -0.0686851 0.6288049999999999 0.7745300000000001 5.09886 0.439327 0.7161 -0.542405 4.3227 0 0 0 1
 -0.895705 0.303013 -0.325437 9.064629999999999 -0.0686851 0.6288049999999999 0.7745300000000001 5.09886 0.439327 0.7161 -0.542405 4.3227 0 0 0 1
 0.72366 -0.350528 0.5945240000000001 8.89921 -0.447131 0.41809 0.79075 5.19221 -0.525743 -0.838058 0.145824 3.29685 0 0 0 1
 0.72366 -0.350528 0.5945240000000001 8.89921 -0.447131 0.41809 0.79075 5.19221 -0.525743 -0.838058 0.145824 3.29685 0 0 0 1
 0.72366 -0.350528 0.5945240000000001 8.89921 -0.447131 0.41809 0.79075 5.19221 -0.525743 -0.838058 0.145824 3.29685 0 0 0 1
 0.72366 -0.350528 0.5945240000000001 8.89921 -0.447131 0.41809 0.79075 5.19221 -0.525743 -0.838058 0.145824 3.29685 0 0 0 1
 0.72366 -0.350528 0.5945240000000001 8.89921 -0.447131 0.41809 0.79075 5.19221 -0.525743 -0.838058 0.145824 3.29685 0 0 0 1
 0.72366 -0.350528 0.5945240000000001 8.89921 -0.447131 0.41809 0.79075 5.19221 -0.525743 -0.838058 0.145824 3.29685 0 0 0 1
 0.72366 -0.350528 0.5945240000000001 8.89921 -0.447131 0.41809 0.79075 5.19221 -0.525743 -0.838058 0.145824 3.29685 0 0 0 1
 0.72366 -0.350528 0.5945240000000001 8.89921 -0.447131 0.41809 0.79075 5.19221 -0.525743 -0.838058 0.145824 3.29685 0 0 0 1
 0.72366 -0.350528 0.5945240000000001 8.89921 -0.447131 0.41809 0.79075 5.19221 -0.525743 -0.838058 0.145824 3.29685 0 0 0 1
 0.72366 -0.350528 0.5945240000000001 8.89921 -0.447131 0.41809 0.79075 5.19221 -0.525743 -0.838058 0.145824 3.29685 0 0 0 1
 0.72366 -0.350528 0.5945240000000001 8.89921 -0.447131 0.41809 0.79075 5.19221 -0.525743 -0.838058 0.145824 3.29685 0 0 0 1
 0.72366 -0.350528 0.5945240000000001 8.89921 -0.447131 0.41809 0.79075 5.19221 -0.525743 -0.838058 0.145824 3.29685 0 0 0 1
 0.72366 -0.350528 0.5945240000000001 8.89921 -0.447131 0.41809 0.79075 5.19221 -0.525743 -0.838058 0.145824 3.29685 0 0 0 1
 0.708423 -0.676311 -0.201873 8.69698 0.159555 -0.125156 0.979228 4.84158 -0.687524 -0.725913 0.0192479 2.37725 0 0 0 1
 0.708423 -0.676311 -0.201873 8.69698 0.159555 -0.125156 0.979228 4.84158 -0.687524 -0.725913 0.0192479 2.37725 0 0 0 1
 -0.8344009999999999 0.550806 -0.0200114 8.81757 0.280438 0.455518 0.844907 5.1583 0.474493 0.699376 -0.534546 3.3618 0 0 0 1
 -0.8344009999999999 0.550806 -0.0200114 8.81757 0.280438 0.455518 0.844907 5.1583 0.474493 0.699376 -0.534546 3.3618 0 0 0 1


