# Created by Octave 4.0.0, Tue Jul 12 17:21:50 2016 BRT <anaritapereira@lasi-xps>
# name: pose_9
# type: matrix
# rows: 251
# columns: 16
 1 0 0 0 0 1 0 0 0 0 1 0 0 0 0 1
 1 0 0 0 0 1 0 0 0 0 1 0 0 0 0 1
 0.141539 0.39468 0.907851 -0.0980639 0.0199084 0.915763 -0.401224 -0.867258 -0.9897319999999999 0.0748629 0.121759 -0.51591 0 0 0 1
 0.141539 0.39468 0.907851 -0.0980639 0.0199084 0.915763 -0.401224 -0.867258 -0.9897319999999999 0.0748629 0.121759 -0.51591 0 0 0 1
 0.141539 0.39468 0.907851 -0.0980639 0.0199084 0.915763 -0.401224 -0.867258 -0.9897319999999999 0.0748629 0.121759 -0.51591 0 0 0 1
 0.91787 0.217538 0.331951 0.170103 -0.165725 0.970071 -0.177474 -0.0225939 -0.360624 0.107886 0.926451 -0.0350219 0 0 0 1
 0.505458 0.0694621 0.86005 0.417608 0.13072 0.979085 -0.155901 0.843601 -0.852892 0.191227 0.485806 0.395109 0 0 0 1
 0.916913 0.38408 0.108407 0.456222 -0.344301 0.89866 -0.271782 -0.0740232 -0.201807 0.211876 0.956233 -0.008122269999999999 0 0 0 1
 0.344583 -0.936953 -0.0581334 0.73704 0.0490755 0.0798204 -0.9956 0.9132710000000001 0.937472 0.340214 0.073486 0.0389264 0 0 0 1
 -0.257004 -0.910454 -0.324069 1.55788 -0.966371 0.245112 0.0777542 0.374449 0.0086414 0.333154 -0.942833 -0.183333 0 0 0 1
 -0.0389621 -0.765908 -0.641767 0.708298 -0.384024 0.6044079999999999 -0.698008 0.890027 0.9225 0.219258 -0.317677 -0.283384 0 0 0 1
 0.907089 -0.418036 -0.0493395 1.40318 -0.390579 -0.879574 0.271655 1.59915 -0.15696 -0.227145 -0.961129 -0.0254603 0 0 0 1
 -0.0808454 0.849343 -0.521613 0.697646 -0.654212 0.349604 0.670658 0.923408 0.751977 0.395465 0.527386 -0.401559 0 0 0 1
 -0.0808454 0.849343 -0.521613 0.697646 -0.654212 0.349604 0.670658 0.923408 0.751977 0.395465 0.527386 -0.401559 0 0 0 1
 0.483573 0.770614 -0.415103 0.187276 -0.870418 0.473394 -0.135165 0.15732 0.0923471 0.426675 0.8996769999999999 -0.803953 0 0 0 1
 0.483573 0.770614 -0.415103 0.187276 -0.870418 0.473394 -0.135165 0.15732 0.0923471 0.426675 0.8996769999999999 -0.803953 0 0 0 1
 0.483573 0.770614 -0.415103 0.187276 -0.870418 0.473394 -0.135165 0.15732 0.0923471 0.426675 0.8996769999999999 -0.803953 0 0 0 1
 0.351461 0.93587 0.0249282 -0.435926 -0.106747 0.0136066 0.994192 -0.205735 0.930096 -0.352081 0.104683 -0.0857922 0 0 0 1
 0.351461 0.93587 0.0249282 -0.435926 -0.106747 0.0136066 0.994192 -0.205735 0.930096 -0.352081 0.104683 -0.0857922 0 0 0 1
 -0.328548 -0.657591 0.677959 0.276835 0.812688 -0.562569 -0.151828 0.331861 0.48124 0.5010869999999999 0.719248 -0.6184770000000001 0 0 0 1
 -0.967289 -0.241835 0.0765927 -0.0608142 0.234006 -0.734078 0.63747 0.793832 -0.0979382 0.6345420000000001 0.766657 -1.4587 0 0 0 1
 -0.496863 0.103878 -0.861589 0.197415 -0.741376 -0.56687 0.359193 0.459207 -0.451097 0.817231 0.35867 -0.553642 0 0 0 1
 -0.496863 0.103878 -0.861589 0.197415 -0.741376 -0.56687 0.359193 0.459207 -0.451097 0.817231 0.35867 -0.553642 0 0 0 1
 -0.496863 0.103878 -0.861589 0.197415 -0.741376 -0.56687 0.359193 0.459207 -0.451097 0.817231 0.35867 -0.553642 0 0 0 1
 0.587241 0.650173 -0.482102 0.264963 -0.599801 -0.0503861 -0.79856 -0.0263762 -0.543494 0.758113 0.360386 0.32141 0 0 0 1
 -0.957391 0.0149161 -0.288406 0.410157 -0.269506 -0.404972 0.873706 -0.42921 -0.103764 0.914206 0.391737 1.22146 0 0 0 1
 -0.910084 0.0509541 -0.411277 0.440933 0.365664 0.565757 -0.739058 -0.638157 0.195025 -0.822994 -0.533519 2.23897 0 0 0 1
 -0.976474 0.00156591 -0.215621 0.353099 -0.189828 -0.480546 0.856176 -0.466455 -0.102276 0.876966 0.469539 1.21791 0 0 0 1
 -0.727041 -0.420535 0.542732 0.331077 0.67126 -0.269247 0.69059 -0.438123 -0.144289 0.866402 0.478043 2.21633 0 0 0 1
 0.08560520000000001 -0.441694 0.89307 0.260413 0.983321 -0.10691 -0.147131 -0.639089 0.160465 0.89077 0.425176 3.19785 0 0 0 1
 0.08560520000000001 -0.441694 0.89307 0.260413 0.983321 -0.10691 -0.147131 -0.639089 0.160465 0.89077 0.425176 3.19785 0 0 0 1
 0.08560520000000001 -0.441694 0.89307 0.260413 0.983321 -0.10691 -0.147131 -0.639089 0.160465 0.89077 0.425176 3.19785 0 0 0 1
 0.935006 -0.149698 0.321481 0.265084 0.343106 0.152678 -0.926804 -0.975167 0.0896583 0.97687 0.194117 4.14343 0 0 0 1
 0.793607 -0.129739 -0.594435 0.184341 -0.53951 0.3016 -0.786106 -1.25295 0.281271 0.944563 0.169356 5.11324 0 0 0 1
 0.194865 0.980743 -0.0128902 -0.364574 -0.6278010000000001 0.134815 0.766608 -1.19988 0.753584 -0.141292 0.641983 6.0019 0 0 0 1
 0.159638 0.982669 0.09419520000000001 0.490558 -0.344309 -0.0340012 0.938239 -0.752239 0.9251819999999999 -0.18221 0.332914 5.73128 0 0 0 1
 0.884065 -0.196226 -0.424171 1.46616 -0.318418 0.411454 -0.853998 -0.732476 0.342104 0.890054 0.30127 5.34521 0 0 0 1
 0.36393 0.48607 -0.794536 0.889109 -0.916113 0.340833 -0.211109 -0.47323 0.168191 0.804714 0.569335 6.13104 0 0 0 1
 -0.19596 0.75181 -0.629585 1.24909 -0.552874 -0.614964 -0.562268 -0.0101098 -0.8098919999999999 0.2379 0.536165 6.93324 0 0 0 1
 -0.219401 0.736105 0.6403180000000001 1.94127 -0.956365 -0.0324734 -0.290359 -0.560499 -0.192942 -0.676083 0.711111 7.45616 0 0 0 1
 -0.219401 0.736105 0.6403180000000001 1.94127 -0.956365 -0.0324734 -0.290359 -0.560499 -0.192942 -0.676083 0.711111 7.45616 0 0 0 1
 -0.540798 -0.837772 -0.07529660000000001 2.90351 0.275007 -0.0915048 -0.957076 -0.409233 0.794923 -0.538293 0.279879 7.16224 0 0 0 1
 -0.6177240000000001 -0.729792 0.292942 2.11357 0.172195 -0.489001 -0.855115 -0.627685 0.767306 -0.477783 0.427735 6.58416 0 0 0 1
 -0.6177240000000001 -0.729792 0.292942 2.11357 0.172195 -0.489001 -0.855115 -0.627685 0.767306 -0.477783 0.427735 6.58416 0 0 0 1
 -0.6177240000000001 -0.729792 0.292942 2.11357 0.172195 -0.489001 -0.855115 -0.627685 0.767306 -0.477783 0.427735 6.58416 0 0 0 1
 -0.6177240000000001 -0.729792 0.292942 2.11357 0.172195 -0.489001 -0.855115 -0.627685 0.767306 -0.477783 0.427735 6.58416 0 0 0 1
 -0.044926 -0.784171 0.61891 1.51813 -0.450583 -0.537034 -0.713138 -1.24332 0.8915999999999999 -0.31091 -0.329208 6.06853 0 0 0 1
 0.643303 -0.368506 0.671086 1.18971 -0.6727300000000001 -0.690533 0.265696 -2.0113 0.365498 -0.622385 -0.692128 5.51361 0 0 0 1
 0.643303 -0.368506 0.671086 1.18971 -0.6727300000000001 -0.690533 0.265696 -2.0113 0.365498 -0.622385 -0.692128 5.51361 0 0 0 1
 0.643303 -0.368506 0.671086 1.18971 -0.6727300000000001 -0.690533 0.265696 -2.0113 0.365498 -0.622385 -0.692128 5.51361 0 0 0 1
 0.643303 -0.368506 0.671086 1.18971 -0.6727300000000001 -0.690533 0.265696 -2.0113 0.365498 -0.622385 -0.692128 5.51361 0 0 0 1
 -0.872679 -0.134382 -0.469431 0.969093 -0.448064 -0.161722 0.87925 -2.1509 -0.194074 0.97764 0.0809194 4.49548 0 0 0 1
 -0.872679 -0.134382 -0.469431 0.969093 -0.448064 -0.161722 0.87925 -2.1509 -0.194074 0.97764 0.0809194 4.49548 0 0 0 1
 -0.469302 -0.223455 0.854293 1.00919 -0.848067 -0.155497 -0.5065539999999999 -1.89545 0.246033 -0.9622270000000001 -0.116529 5.50606 0 0 0 1
 -0.469302 -0.223455 0.854293 1.00919 -0.848067 -0.155497 -0.5065539999999999 -1.89545 0.246033 -0.9622270000000001 -0.116529 5.50606 0 0 0 1
 -0.469302 -0.223455 0.854293 1.00919 -0.848067 -0.155497 -0.5065539999999999 -1.89545 0.246033 -0.9622270000000001 -0.116529 5.50606 0 0 0 1
 -0.85846 -0.33829 0.385486 1.24754 -0.326849 -0.218361 -0.919502 -1.52244 0.395235 -0.915353 0.07688490000000001 6.4093 0 0 0 1
 -0.85846 -0.33829 0.385486 1.24754 -0.326849 -0.218361 -0.919502 -1.52244 0.395235 -0.915353 0.07688490000000001 6.4093 0 0 0 1
 -0.85846 -0.33829 0.385486 1.24754 -0.326849 -0.218361 -0.919502 -1.52244 0.395235 -0.915353 0.07688490000000001 6.4093 0 0 0 1
 -0.658201 -0.322253 0.68038 1.19199 0.606626 0.308181 0.732819 -2.00014 -0.445834 0.895081 -0.00735836 5.48595 0 0 0 1
 -0.54247 -0.7557469999999999 -0.366831 0.755173 -0.500543 -0.0599129 0.863633 -2.30365 -0.674667 0.652112 -0.345784 6.33308 0 0 0 1
 -0.54247 -0.7557469999999999 -0.366831 0.755173 -0.500543 -0.0599129 0.863633 -2.30365 -0.674667 0.652112 -0.345784 6.33308 0 0 0 1
