# Created by Octave 4.0.0, Tue Jul 12 17:21:34 2016 BRT <anaritapereira@lasi-xps>
# name: pose_3
# type: matrix
# rows: 251
# columns: 16
 0.849504 -0.234269 -0.472718 -0.341593 0.412486 0.853563 0.318256 0.798001 0.328937 -0.465348 0.8217370000000001 -0.503283 0 0 0 1
 0.169454 -0.0789509 -0.982371 -0.169643 -0.272299 0.954234 -0.123659 1.76396 0.947175 0.288453 0.1402 -0.730313 0 0 0 1
 -0.106577 -0.283745 -0.952959 -0.274021 -0.541109 0.820616 -0.183823 1.45239 0.834172 0.496064 -0.240996 0.222758 0 0 0 1
 -0.106577 -0.283745 -0.952959 -0.274021 -0.541109 0.820616 -0.183823 1.45239 0.834172 0.496064 -0.240996 0.222758 0 0 0 1
 -0.106577 -0.283745 -0.952959 -0.274021 -0.541109 0.820616 -0.183823 1.45239 0.834172 0.496064 -0.240996 0.222758 0 0 0 1
 -0.841911 -0.25096 -0.47771 0.454145 -0.403271 0.88084 0.247981 1.29358 0.358553 0.401425 -0.842793 -0.4499 0 0 0 1
 -0.841911 -0.25096 -0.47771 0.454145 -0.403271 0.88084 0.247981 1.29358 0.358553 0.401425 -0.842793 -0.4499 0 0 0 1
 0.118999 -0.0596109 0.991104 0.762447 -0.992627 -0.0303306 0.117357 0.968468 0.0230643 -0.997761 -0.06278110000000001 -1.39035 0 0 0 1
 0.118999 -0.0596109 0.991104 0.762447 -0.992627 -0.0303306 0.117357 0.968468 0.0230643 -0.997761 -0.06278110000000001 -1.39035 0 0 0 1
 -0.665978 0.0264214 -0.745505 0.354976 -0.615903 0.544372 0.569495 1.40388 0.420878 0.838429 -0.346266 -0.533713 0 0 0 1
 0.607635 0.678207 -0.413302 1.16733 -0.5587490000000001 -0.00478634 -0.829324 1.05461 -0.564431 0.734857 0.376039 -0.0368116 0 0 0 1
 0.607635 0.678207 -0.413302 1.16733 -0.5587490000000001 -0.00478634 -0.829324 1.05461 -0.564431 0.734857 0.376039 -0.0368116 0 0 0 1
 0.830942 0.542562 -0.123151 0.258422 -0.329712 0.301924 -0.894502 1.33309 -0.44814 0.783882 0.429769 -0.371116 0 0 0 1
 0.830942 0.542562 -0.123151 0.258422 -0.329712 0.301924 -0.894502 1.33309 -0.44814 0.783882 0.429769 -0.371116 0 0 0 1
 0.208437 0.72218 0.659555 -0.526792 0.91286 0.09840649999999999 -0.396238 0.827717 -0.351059 0.684671 -0.638737 -0.733749 0 0 0 1
 -0.81833 0.5747409999999999 0.00349988 -0.673025 0.473005 0.66999 0.572173 0.317476 0.326507 0.469881 -0.820126 -1.58014 0 0 0 1
 -0.81833 0.5747409999999999 0.00349988 -0.673025 0.473005 0.66999 0.572173 0.317476 0.326507 0.469881 -0.820126 -1.58014 0 0 0 1
 0.205105 0.9744620000000001 0.09142599999999999 -0.926185 0.974666 -0.194843 -0.10984 0.311115 -0.0892206 0.111638 -0.9897359999999999 -2.55349 0 0 0 1
 -0.507294 -0.557022 0.657558 -1.86007 -0.595661 -0.324766 -0.734654 0.0213615 0.62277 -0.764365 -0.167045 -2.92122 0 0 0 1
 -0.688835 -0.583623 0.429992 -0.933024 0.00575247 -0.59754 -0.8018189999999999 0.18148 0.724897 -0.549847 0.414963 -2.58101 0 0 0 1
 -0.681519 -0.724043 0.106282 -0.017971 0.598114 -0.6347930000000001 -0.489183 0.277085 0.421656 -0.269818 0.865682 -2.18964 0 0 0 1
 -0.681519 -0.724043 0.106282 -0.017971 0.598114 -0.6347930000000001 -0.489183 0.277085 0.421656 -0.269818 0.865682 -2.18964 0 0 0 1
 -0.405579 -0.902207 -0.146734 0.890189 0.824437 -0.43039 0.367517 0.378159 -0.394729 0.0280838 0.918369 -1.78377 0 0 0 1
 -0.405579 -0.902207 -0.146734 0.890189 0.824437 -0.43039 0.367517 0.378159 -0.394729 0.0280838 0.918369 -1.78377 0 0 0 1
 -0.405579 -0.902207 -0.146734 0.890189 0.824437 -0.43039 0.367517 0.378159 -0.394729 0.0280838 0.918369 -1.78377 0 0 0 1
 -0.405579 -0.902207 -0.146734 0.890189 0.824437 -0.43039 0.367517 0.378159 -0.394729 0.0280838 0.918369 -1.78377 0 0 0 1
 -0.405579 -0.902207 -0.146734 0.890189 0.824437 -0.43039 0.367517 0.378159 -0.394729 0.0280838 0.918369 -1.78377 0 0 0 1
 -0.405579 -0.902207 -0.146734 0.890189 0.824437 -0.43039 0.367517 0.378159 -0.394729 0.0280838 0.918369 -1.78377 0 0 0 1
 -0.405579 -0.902207 -0.146734 0.890189 0.824437 -0.43039 0.367517 0.378159 -0.394729 0.0280838 0.918369 -1.78377 0 0 0 1
 -0.405579 -0.902207 -0.146734 0.890189 0.824437 -0.43039 0.367517 0.378159 -0.394729 0.0280838 0.918369 -1.78377 0 0 0 1
 -0.405579 -0.902207 -0.146734 0.890189 0.824437 -0.43039 0.367517 0.378159 -0.394729 0.0280838 0.918369 -1.78377 0 0 0 1
 -0.405579 -0.902207 -0.146734 0.890189 0.824437 -0.43039 0.367517 0.378159 -0.394729 0.0280838 0.918369 -1.78377 0 0 0 1
 -0.405579 -0.902207 -0.146734 0.890189 0.824437 -0.43039 0.367517 0.378159 -0.394729 0.0280838 0.918369 -1.78377 0 0 0 1
 -0.692721 -0.443556 -0.568682 1.90184 -0.084456 -0.733198 0.674752 0.446322 -0.716245 0.515442 0.47044 -1.84193 0 0 0 1
 -0.692721 -0.443556 -0.568682 1.90184 -0.084456 -0.733198 0.674752 0.446322 -0.716245 0.515442 0.47044 -1.84193 0 0 0 1
 0.327783 0.798717 0.504592 2.56628 -0.32559 0.59688 -0.733299 1.23875 -0.8868780000000001 0.0760731 0.4557 -2.03818 0 0 0 1
 -0.949792 -0.254965 0.181358 2.08963 0.304775 -0.885029 0.351905 0.298229 0.0707836 0.389509 0.918299 -2.08007 0 0 0 1
 -0.877317 0.0900195 -0.471397 2.69621 -0.413829 -0.639315 0.648092 1.11383 -0.24303 0.763659 0.5981340000000001 -2.02308 0 0 0 1
 -0.6183380000000001 0.759005 -0.203896 3.44464 -0.0213495 -0.275565 -0.961046 1.05929 -0.785625 -0.589897 0.186596 -2.73869 0 0 0 1
 -0.477555 0.549567 -0.685508 2.84637 0.400332 -0.55842 -0.72657 1.35162 -0.782099 -0.621406 0.0466661 -1.99279 0 0 0 1
 -0.125938 0.0268743 -0.991676 3.28487 0.919247 -0.372691 -0.126839 1.13806 -0.372996 -0.9275679999999999 0.0222312 -2.86903 0 0 0 1
 -0.125938 0.0268743 -0.991676 3.28487 0.919247 -0.372691 -0.126839 1.13806 -0.372996 -0.9275679999999999 0.0222312 -2.86903 0 0 0 1
 -0.319181 0.616216 -0.720004 3.74485 0.831193 -0.182929 -0.525031 0.873623 -0.455241 -0.7660400000000001 -0.453807 -3.71871 0 0 0 1
 -0.319181 0.616216 -0.720004 3.74485 0.831193 -0.182929 -0.525031 0.873623 -0.455241 -0.7660400000000001 -0.453807 -3.71871 0 0 0 1
 -0.319181 0.616216 -0.720004 3.74485 0.831193 -0.182929 -0.525031 0.873623 -0.455241 -0.7660400000000001 -0.453807 -3.71871 0 0 0 1
 0.221701 0.956207 0.191106 4.66692 0.307606 0.117395 -0.944245 1.28469 -0.925327 0.268125 -0.268109 -3.6547 0 0 0 1
 -0.198258 -0.248731 0.948067 3.68621 0.652859 -0.754976 -0.0615483 0.953789 0.7310759999999999 0.60675 0.312065 -3.54855 0 0 0 1
 0.296633 -0.598366 -0.744292 3.6672 0.944256 0.300308 0.134899 1.44392 0.142798 -0.742816 0.654092 -4.47195 0 0 0 1
 0.22374 0.944365 0.24108 4.11579 0.594898 -0.328251 0.733723 0.795265 0.772037 -0.0207465 -0.635242 -3.79222 0 0 0 1
 0.22374 0.944365 0.24108 4.11579 0.594898 -0.328251 0.733723 0.795265 0.772037 -0.0207465 -0.635242 -3.79222 0 0 0 1
 -0.345695 0.838186 -0.421833 5.09508 0.159093 0.495394 0.853977 0.974729 0.924764 0.228105 -0.304603 -3.63325 0 0 0 1
 -0.433273 0.624206 -0.650112 5.70111 -0.187427 0.643158 0.742442 1.48036 0.881561 0.443529 -0.161668 -3.01145 0 0 0 1
 -0.433273 0.624206 -0.650112 5.70111 -0.187427 0.643158 0.742442 1.48036 0.881561 0.443529 -0.161668 -3.01145 0 0 0 1
 -0.433273 0.624206 -0.650112 5.70111 -0.187427 0.643158 0.742442 1.48036 0.881561 0.443529 -0.161668 -3.01145 0 0 0 1
 0.0416558 -0.407743 0.912148 5.23873 -0.987521 0.121977 0.09962269999999999 1.07315 -0.151883 -0.904915 -0.397574 -3.85499 0 0 0 1
 0.0416558 -0.407743 0.912148 5.23873 -0.987521 0.121977 0.09962269999999999 1.07315 -0.151883 -0.904915 -0.397574 -3.85499 0 0 0 1
 -0.429142 -0.0566615 0.90146 5.01226 -0.642631 -0.6821739999999999 -0.348805 0.893079 0.634715 -0.728994 0.256336 -4.81576 0 0 0 1
 -0.429142 -0.0566615 0.90146 5.01226 -0.642631 -0.6821739999999999 -0.348805 0.893079 0.634715 -0.728994 0.256336 -4.81576 0 0 0 1
 0.171921 0.374918 0.910979 5.53697 -0.959661 -0.145105 0.240826 1.55398 0.222476 -0.9156339999999999 0.334848 -4.25179 0 0 0 1
 0.171921 0.374918 0.910979 5.53697 -0.959661 -0.145105 0.240826 1.55398 0.222476 -0.9156339999999999 0.334848 -4.25179 0 0 0 1
 0.710449 0.045096 -0.702304 5.52965 -0.408713 0.838839 -0.359588 2.13828 0.572904 0.542511 0.614383 -3.38167 0 0 0 1
 0.765161 -0.259385 -0.589279 4.95911 0.632099 0.12865 0.764135 1.43805 -0.122394 -0.957169 0.262396 -3.90989 0 0 0 1
