cam0_ext: [0.121963,  1.565269,  0.114722,  0.031171,  -0.000553, 0.000166]
cam1_ext: [-0.048276, 1.555240,  -1.313702, 0.009246,  -0.030447, 0.000856]
cam2_ext: [0.995226,  1.555979,  -1.518341, -0.025372, -0.017460, -0.000223]
cam3_ext: [1.245222,  1.563265,  -2.530236, -0.024979, 0.018591,  -0.000292]
cam4_ext: [1.771307,  1.565059,  3.019728,  0.009934,  0.029870,  -0.000507]
cam5_ext: [-0.000672, -0.001634, 0.007241,  -0.000026, 0.000089,  0.033334]